"V1" "V2" "V3" "V4" "V5" "V6" "V7" "V8" "V9" "V10" "V11" "V12" "V13" "V14" "V15" "V16" "V17" "V18" "V19" "V20" "V21" "V22" "V23" "V24" "V25" "V26" "V27" "V28" "V29" "V30" "V31" "V32" "V33" "V34" "V35" "V36" "V37" "V38" "V39" "V40" "V41" "V42" "V43" "V44" "V45" "V46" "V47" "V48" "V49" "V50" "V51" "V52" "V53" "V54" "V55" "V56" "V57" "V58" "V59" "V60"
"1" 0.66667 0.77778 0.88889 1 0.55556 0.77778 0.88889 1 0.555555555555556 0.722222222222222 0.888888888888889 0.888888888888889 0 0.01042 0.02083 0.02083 0 0 0.01042 0 0.0114942528735632 0 0 0.0114942528735632 3 3 4 2 5 2 2 0 14 7 3 8 1 1 0.5 0.5 NA 1 1 1 NA 1 0.5 1 1 1 1 1 0 1 1 1 0 1 1 1
"2" 0.58333 0.91667 0.91667 1 0.58333 0.75 0.83333 1 0.714285714285714 0.857142857142857 0.857142857142857 0.857142857142857 0.01075 0.02151 0.02151 0.01075 0 0 0 0 0 0.0102040816326531 0 0.0204081632653061 6 6 5 8 5 5 4 6 3 4 1 3 1 0 NA 0.14286 1 NA NA 0.28571 1 0 NA 0 0.66667 0 0 0.33333 0.66667 0 0 0.66667 0.66667 0 0 0
"3" 0.66667 0.93333 1 1 0.53333 0.93333 1 1 0.6 0.8 0.933333333333333 0.866666666666667 0.02222 0 0.01111 0 0.01111 0 0 0 0.0111111111111111 0.0222222222222222 0 0.0111111111111111 11 3 6 0 11 3 5 4 9 6 4 4 0.8 1 0.57143 1 1 1 0.63636 0.69231 1 1 0.57143 1 0.44444 0.77778 0.88889 1 0.22222 0.77778 0.77778 1 0.44444 0.77778 0.88889 1
"4" 0.61538 0.92308 1 1 0.53846 0.84615 1 0.92308 0.666666666666667 0.888888888888889 1 1 0.01087 0 0.02174 0.01087 0.01087 0 0.01087 0 0 0.0208333333333333 0.0104166666666667 0.0104166666666667 9 3 7 4 11 5 2 1 6 3 5 1 0.6 1 0.55556 0.66667 NA 1 1 1 0.6 1 0.57143 1 0.375 0.625 0.625 1 0 0.375 0.875 1 0.375 0.375 0.5 1
"5" 0.36364 0.68182 0.72727 0.81818 0.31818 0.68182 0.72727 0.81818 0.4 0.733333333333333 1 1 0 0 0 0.01205 0 0 0 0.01205 0.0111111111111111 0 0.0111111111111111 0 15 9 6 7 17 8 6 7 13 7 5 2 1 0.9 1 0.91667 1 0.9 1 0.91667 1 0.9 1 0.90909 0.35714 0.64286 0.78571 0.78571 0.28571 0.64286 0.78571 0.78571 0.28571 0.64286 0.78571 0.71429
"6" 0.7 1 0.9 1 0.6 0.9 0.9 1 0.692307692307692 0.923076923076923 0.923076923076923 1 0.02105 0.02105 0.04211 0.02105 0 0 0.01053 0.01053 0 0.0108695652173913 0 0.0108695652173913 7 5 7 2 6 3 2 1 9 3 3 1 0 0.25 0.33333 1 NA 0.5 1 1 NA 0.5 0.33333 1 0 0.5 1 1 0 0.5 1 1 0 1 1 1
"7" 0.45 0.85 0.85 0.85 0.4 0.8 0.85 0.85 0.421052631578947 0.789473684210526 0.789473684210526 0.947368421052632 0.01176 0.02353 0.01176 0.03529 0.01176 0 0.01176 0.01176 0 0 0.0116279069767442 0 15 12 10 7 17 4 8 6 17 8 9 4 1 0.52941 0.66667 0.90909 1 1 0.75 0.84615 NA 1 0.66667 0.76923 0.25 0.75 0.66667 0.83333 0.16667 0.83333 0.75 0.91667 0 0.83333 0.66667 0.83333
"8" 0.58333 0.83333 0.75 0.83333 0.58333 0.83333 0.75 0.83333 0.555555555555556 0.777777777777778 0.888888888888889 0.888888888888889 0.03226 0 0 0.01075 0 0 0 0 0 0.0104166666666667 0 0.0104166666666667 11 6 6 8 9 5 6 5 8 7 7 7 0.75 0.71429 0.83333 0.625 1 0.83333 0.83333 0.83333 NA 0.71429 0.83333 0.57143 0.3 0.5 0.5 0.5 0.2 0.5 0.5 0.5 0 0.5 0.5 0.4
"9" 0.44444 0.72222 0.77778 0.77778 0.38889 0.72222 0.77778 0.77778 0.6 0.85 0.9 0.9 0.03448 0 0 0.01149 0 0 0 0 0.0117647058823529 0 0 0.0117647058823529 18 9 11 10 16 9 11 8 15 8 7 11 1 1 0.5 0.77778 0.5 1 0.5 1 0.5 1 0.5 1 0.13333 0.46667 0.46667 0.46667 0.06667 0.46667 0.46667 0.46667 0.06667 0.46667 0.46667 0.46667
"10" 0.66667 1 1 1 0.66667 1 1 1 0.368421052631579 0.631578947368421 0.736842105263158 0.842105263157895 0.03125 0.02083 0 0.01042 0.01042 0.01042 0 0.01042 0.0348837209302326 0.0116279069767442 0.0116279069767442 0.0116279069767442 11 2 0 1 9 1 0 1 19 13 9 5 0 1 1 1 NA 1 1 1 NA 1 1 1 0 1 1 1 0 1 1 1 0 1 1 1
"11" 0.46667 0.86667 0.93333 0.86667 0.46667 0.8 0.86667 0.86667 0.545454545454545 0.909090909090909 0.909090909090909 1 0.04444 0.02222 0.02222 0.01111 0.02222 0.02222 0.01111 0.01111 0.0106382978723404 0 0 0 17 8 5 4 15 10 4 4 8 2 1 0 0.5 0.75 0.9 1 0.5 0.625 0.9 1 0.33333 1 1 1 0.16667 0.5 0.75 0.75 0.08333 0.41667 0.75 0.75 0.16667 0.33333 0.75 0.75
"12" 0.55 0.75 0.8 0.9 0.4 0.75 0.8 0.85 0.545454545454545 1 0.909090909090909 1 0.03529 0.01176 0.02353 0.02353 0.01176 0 0 0 0 0.0106382978723404 0 0.0106382978723404 14 10 12 7 16 9 9 7 6 3 1 1 0.6 0.72727 0.63636 0.75 1 0.72727 0.72727 0.76923 0.83333 0.72727 0.63636 0.75 0.4 0.53333 0.46667 0.8 0.13333 0.53333 0.53333 0.66667 0.33333 0.53333 0.46667 0.6
"13" 0.53333 0.8 0.8 0.86667 0.4 0.73333 0.73333 0.86667 0.538461538461538 0.923076923076923 1 1 0 0.01111 0.03333 0.01111 0 0 0 0.01111 0 0 0.0108695652173913 0 10 11 10 10 12 10 8 10 9 2 2 1 0.5 0.28571 0.57143 0.36364 0 NA 0.57143 0.36364 NA 0.4 0.57143 0.36364 0.14286 0.28571 0.57143 0.57143 0 0 0.57143 0.57143 0 0.28571 0.57143 0.57143
"14" 0.71429 0.85714 0.92857 0.92857 0.57143 0.85714 0.85714 0.92857 0.5625 0.75 0.9375 0.9375 0.01099 0.02198 0 0.01099 0 0.01099 0 0 0.0112359550561798 0 0 0 9 9 3 5 10 5 4 5 12 7 3 4 0.8 0.66667 1 0.875 1 1 1 1 1 0.6 0.88889 1 0.36364 0.54545 0.72727 0.63636 0.18182 0.72727 0.72727 0.54545 0.18182 0.27273 0.72727 0.72727
"15" 0.45455 0.81818 0.86364 0.90909 0.36364 0.68182 0.86364 0.90909 0.466666666666667 0.8 0.866666666666667 0.933333333333333 0.0241 0.0241 0.0241 0 0.01205 0.0241 0 0 0 0 0 0 18 10 7 3 19 9 3 2 12 5 2 6 1 0.83333 1 1 NA 0.90909 1 1 1 0.91667 0.875 1 0.11765 0.58824 0.70588 0.82353 0 0.58824 0.82353 0.88235 0.11765 0.64706 0.82353 0.88235
"16" 0.5625 0.875 0.9375 0.9375 0.5 0.8125 0.9375 0.9375 0.8 1 1 1 0.01124 0.01124 0.03371 0.02247 0 0 0 0.01124 0 0 0 0 11 7 7 7 13 7 4 4 9 0 0 0 0.75 0.63636 0.9 0.88889 NA 0.75 0.9 1 0.75 1 0.9 1 0.27273 0.63636 0.81818 0.72727 0 0.54545 0.81818 0.81818 0.27273 0.36364 0.81818 0.81818
"17" 0.57143 0.92857 0.85714 0.92857 0.5 0.85714 0.85714 0.85714 0.45 0.75 0.85 0.95 0.01099 0.03297 0.04396 0.02198 0 0.01099 0 0.01099 0 0 0.0117647058823529 0 8 5 7 5 10 4 2 5 17 11 6 3 1 0.88889 0.77778 0.8 1 1 1 0.875 1 1 1 0.875 0.4 0.8 0.7 0.8 0.2 0.7 0.8 0.7 0.4 0.8 0.8 0.7
"18" 0.5 0.72727 0.86364 0.90909 0.36364 0.72727 0.81818 0.86364 0.368421052631579 0.578947368421053 0.789473684210526 0.789473684210526 0.03614 0 0.01205 0 0 0 0 0 0.0116279069767442 0.0116279069767442 0.0116279069767442 0 18 6 6 4 18 6 6 3 18 14 10 9 0.5 1 0.9375 1 0.66667 1 1 1 NA 1 1 1 0.3 0.7 0.75 0.8 0.1 0.7 0.7 0.85 0 0.7 0.75 0.75
"19" 0.84615 0.84615 0.92308 0.92308 0.69231 0.84615 0.92308 0.84615 0.285714285714286 0.857142857142857 0.857142857142857 0.928571428571429 0 0 0.02174 0 0 0 0.01087 0 0 0 0 0.010989010989011 5 5 4 2 6 5 6 5 12 4 4 3 1 1 0.90909 1 1 1 1 1 0.75 1 1 1 0.58333 0.58333 0.83333 0.83333 0.5 0.58333 0.58333 0.58333 0.25 0.58333 0.58333 0.83333
"20" 0.64286 0.85714 0.85714 0.92857 0.42857 0.78571 0.78571 0.92857 0.4 0.8 0.9 0.9 0.02198 0 0.01099 0.02198 0 0 0 0 0 0 0.0105263157894737 0 11 4 5 5 11 5 6 1 7 4 2 1 0.6 1 1 1 1 1 1 1 0.66667 1 1 1 0.27273 0.72727 0.72727 0.81818 0.18182 0.63636 0.54545 1 0.18182 0.63636 0.54545 0.72727
"21" 0.76923 0.84615 1 1 0.69231 0.84615 0.84615 1 0.294117647058824 0.705882352941177 0.705882352941177 0.882352941176471 0 0.02174 0.02174 0.03261 0 0 0 0 0 0.0113636363636364 0 0 8 11 2 3 9 7 5 0 15 7 5 2 0 0.33333 1 0.875 NA 0.6 1 1 NA 0.33333 0.8 1 0 0.42857 1 1 0 0.42857 0.42857 1 0 0.28571 0.57143 1
"22" 0.77778 0.88889 1 1 0.77778 0.88889 0.88889 1 0.375 0.8125 0.8125 0.75 0.01042 0.01042 0 0.01042 0 0 0 0 0 0.0224719101123595 0.0112359550561798 0.0112359550561798 7 7 0 4 6 4 3 3 12 11 13 8 0 0.28571 1 1 NA 0.5 1 1 NA 1 1 1 0 0.4 1 0.4 0 0.4 0.4 0.4 0 0.4 0.4 0.4
"23" 0.70588 0.82353 0.88235 0.94118 0.70588 0.82353 0.88235 0.94118 0.470588235294118 0.823529411764706 0.882352941176471 1 0 0.01136 0.02273 0.01136 0 0 0 0 0 0.0113636363636364 0 0 12 7 6 5 11 6 6 3 15 8 8 3 0.83333 0.9 0.78571 0.83333 0.71429 1 0.90909 1 0.66667 1 1 0.83333 0.35714 0.64286 0.78571 0.71429 0.35714 0.64286 0.71429 0.78571 0.28571 0.64286 0.64286 0.71429
"24" 0.41667 0.91667 1 1 0.41667 0.83333 1 1 0.6 0.866666666666667 0.933333333333333 1 0.01075 0.01075 0.02151 0.01075 0 0 0 0 0.0111111111111111 0 0 0 12 5 2 3 11 5 2 2 11 6 3 2 NA 0.83333 1 0.875 NA 1 1 0.875 NA 0.83333 1 0.875 0 0.625 1 0.875 0 0.5 0.75 0.875 0 0.625 0.75 0.875
"25" 0.52941 0.76471 0.88235 1 0.47059 0.70588 0.82353 1 0.692307692307692 0.846153846153846 0.923076923076923 0.923076923076923 0.02273 0 0.01136 0.01136 0.02273 0 0.01136 0 0.0217391304347826 0 0.0108695652173913 0 16 8 7 1 16 9 8 0 8 7 5 2 0 0.5 1 1 0 0.5 1 1 0.5 0.5 1 1 0 0.125 0.25 1 0 0.125 0.25 1 0.25 0.125 0.25 0.5
"26" 0.5 0.77778 0.83333 0.88889 0.44444 0.72222 0.77778 0.88889 0.444444444444444 0.777777777777778 0.833333333333333 1 0.02299 0.01149 0 0.01149 0.02299 0 0 0.01149 0 0 0 0 15 7 5 3 16 7 6 3 15 5 3 0 0.4 1 1 0.90909 NA 1 1 0.90909 0.4 1 1 0.90909 0.16667 0.58333 0.58333 0.83333 0 0.5 0.58333 0.83333 0.16667 0.58333 0.58333 0.83333
"27" 0.5 0.85714 1 1 0.5 0.78571 1 1 0.368421052631579 0.789473684210526 0.894736842105263 0.842105263157895 0 0.02198 0.01099 0.01099 0 0.02198 0 0 0.0232558139534884 0 0 0.0232558139534884 11 12 5 6 11 12 4 4 19 8 6 6 NA 0.25 1 0.83333 NA NA 1 1 NA 0.5 1 1 0 0.1 0.6 0.5 0 0 0.6 0.6 0 0.1 0.6 0.6
"28" 0.58333 1 1 1 0.58333 1 1 1 0.5 0.857142857142857 1 0.928571428571429 0 0.03226 0.05376 0 0 0 0.01075 0 0.010989010989011 0 0.010989010989011 0.021978021978022 6 4 10 0 6 0 1 0 12 11 4 6 1 0.75 0.45455 1 1 1 1 1 NA 0.83333 1 1 0.33333 1 0.83333 1 0.33333 1 1 1 0 0.83333 1 1
"29" 0.75 0.91667 0.91667 1 0.58333 0.83333 0.91667 1 0.375 0.75 0.875 1 0 0.02151 0 0.04301 0 0 0 0 0.0103092783505155 0.0103092783505155 0.0103092783505155 0.0103092783505155 6 7 2 4 8 3 2 0 7 6 2 4 1 0.57143 1 0.875 NA 1 1 1 1 0.57143 1 0.875 0.28571 0.57143 0.71429 1 0 0.57143 0.71429 1 0.28571 0.57143 0.71429 1
"30" 0.46154 1 1 1 0.46154 0.84615 0.92308 1 0.294117647058824 0.823529411764706 1 1 0.01087 0 0 0 0 0 0 0 0.0113636363636364 0 0.0113636363636364 0 9 7 1 0 8 5 2 0 16 6 3 0 1 0.36364 1 1 1 1 1 1 0.4 0.5 0.8 1 0.5 0.66667 0.83333 1 0.5 0.5 0.83333 1 0.33333 0.66667 0.66667 1
"31" 0.75 0.875 1 1 0.625 0.875 1 1 0.615384615384615 0.923076923076923 0.923076923076923 0.923076923076923 0.01124 0 0 0.02247 0 0 0 0 0.0108695652173913 0.0108695652173913 0.0217391304347826 0.0217391304347826 11 4 0 6 11 4 0 0 7 4 5 4 0.66667 1 1 0.64706 1 1 1 1 1 0.77778 1 1 0.18182 0.72727 1 1 0.27273 0.72727 1 1 0.27273 0.63636 1 1
"32" 0.5 0.66667 0.83333 1 0.5 0.66667 0.75 1 0.5 0.833333333333333 0.916666666666667 1 0.03226 0.03226 0.02151 0 0.02151 0.01075 0.01075 0 0 0.021505376344086 0 0 11 11 6 0 12 9 7 0 9 4 2 0 1 0.375 0.66667 1 NA 0.66667 0.66667 1 1 0.75 0.75 1 0.22222 0.33333 0.66667 1 0 0.22222 0.44444 1 0.22222 0.33333 0.66667 0.88889
"33" 0.66667 0.66667 0.8 0.8 0.53333 0.66667 0.8 0.8 0.5 0.833333333333333 1 0.916666666666667 0.01111 0.03333 0.02222 0.01111 0 0.01111 0.01111 0.01111 0.021505376344086 0 0 0 9 11 9 8 9 11 7 8 13 4 0 2 1 0.57143 0.71429 0.75 1 1 0.85714 0.75 0.5 1 0.85714 0.75 0.33333 0.33333 0.41667 0.5 0.33333 0.16667 0.5 0.5 0.16667 0.33333 0.5 0.5
"34" 0.5 0.8125 0.875 0.9375 0.4375 0.8125 0.875 0.9375 0.625 0.875 1 1 0 0.02247 0.02247 0.02247 0 0 0 0.02247 0 0.0103092783505155 0 0.0103092783505155 12 12 11 8 12 12 9 8 5 2 0 1 1 0.66667 1 0.85714 1 1 1 0.85714 1 1 1 1 0.18182 0.36364 0.36364 0.54545 0.18182 0.18182 0.36364 0.54545 0.18182 0.36364 0.36364 0.54545
"35" 0.8125 0.875 1 1 0.625 0.8125 0.9375 1 0.421052631578947 0.736842105263158 0.631578947368421 0.894736842105263 0.01124 0 0 0.01124 0 0 0 0 0 0 0.0232558139534884 0.0232558139534884 11 6 0 4 13 6 2 3 16 11 13 10 1 1 1 0.91667 1 1 1 0.91667 NA 1 1 0.91667 0.35714 0.64286 1 0.78571 0.14286 0.64286 0.85714 0.78571 0 0.64286 0.85714 0.78571
"36" 0.625 0.875 0.8125 0.875 0.5625 0.8125 0.8125 0.875 0.473684210526316 0.842105263157895 0.947368421052632 0.894736842105263 0.01124 0.01124 0.01124 0.01124 0 0 0.01124 0 0 0 0 0 13 8 8 9 14 8 8 7 13 8 4 9 0.5 1 0.66667 0.75 NA 1 0.66667 1 0.25 0.85714 0.69231 1 0.14286 0.5 0.57143 0.42857 0 0.42857 0.57143 0.5 0.07143 0.42857 0.64286 0.78571
"37" 0.58333 0.91667 0.91667 0.91667 0.58333 0.83333 0.91667 0.91667 0.466666666666667 0.8 1 1 0.02151 0 0.01075 0.01075 0.01075 0 0.01075 0 0 0.0111111111111111 0 0 11 5 9 6 10 6 9 5 12 5 0 0 0.5 1 0.4 1 0.5 1 0.4 1 0.5 0.5 0.4 1 0.125 0.375 0.25 0.375 0.125 0.375 0.25 0.375 0.125 0.25 0.25 0.375
"38" 0.5 0.7 0.8 0.85 0.3 0.7 0.75 0.8 0.461538461538462 0.846153846153846 0.846153846153846 0.923076923076923 0 0.03529 0.01176 0 0 0.01176 0 0 0 0 0.0108695652173913 0.0108695652173913 15 12 7 5 20 10 8 6 10 6 3 2 0.83333 0.73333 0.875 0.9375 NA 0.78571 0.85714 0.875 1 0.73333 0.86667 0.875 0.26316 0.57895 0.73684 0.78947 0 0.57895 0.63158 0.73684 0.10526 0.57895 0.68421 0.73684
"39" 0.5625 0.9375 0.9375 0.9375 0.5625 0.9375 0.9375 0.9375 0.222222222222222 0.722222222222222 0.833333333333333 0.888888888888889 0.01124 0.02247 0 0.01124 0 0 0 0.01124 0 0.0114942528735632 0 0 13 4 1 3 15 1 3 3 17 13 6 6 0.75 0.91667 1 1 NA 1 0.91667 1 0 1 0.91667 1 0.25 0.91667 1 0.91667 0 1 0.91667 0.91667 0 1 0.91667 0.91667
"40" 0.57143 0.85714 1 1 0.57143 0.78571 1 0.92857 0.583333333333333 1 1 1 0.02198 0.03297 0.01099 0 0.01099 0.01099 0 0 0 0.021505376344086 0.010752688172043 0.010752688172043 13 9 2 2 11 7 0 2 8 3 5 1 0.25 0.66667 0.88889 1 NA 0.8 1 1 0.25 1 0.88889 1 0.11111 0.44444 0.88889 0.77778 0 0.44444 1 0.77778 0.11111 0.55556 0.88889 1
"41" 0.8 0.9 1 1 0.5 0.9 1 1 0.444444444444444 0.777777777777778 0.722222222222222 0.888888888888889 0.01053 0.03158 0.03158 0.01053 0.01053 0.01053 0 0 0 0 0 0 6 7 5 4 8 5 3 2 13 7 9 3 1 0.8 0.85714 0.71429 1 1 0.71429 0.85714 1 1 0.85714 0.85714 0.28571 0.57143 0.85714 0.71429 0.28571 0.57143 0.71429 0.85714 0.28571 0.42857 0.85714 0.85714
"42" 0.52941 0.88235 0.82353 0.88235 0.47059 0.82353 0.82353 0.88235 0.388888888888889 0.611111111111111 0.722222222222222 0.888888888888889 0.02273 0 0.01136 0 0 0 0 0 0.0229885057471264 0 0.0114942528735632 0.0114942528735632 14 7 7 6 13 6 6 4 17 10 8 4 0.5 1 1 1 NA 1 1 1 NA 1 1 1 0.2 0.5 0.6 0.6 0 0.6 0.6 0.8 0 0.6 0.6 0.6
"43" 0.52941 0.94118 0.88235 0.88235 0.47059 0.88235 0.88235 0.88235 0.5 0.833333333333333 0.833333333333333 0.833333333333333 0.02273 0.01136 0.02273 0.02273 0 0 0 0.01136 0 0 0 0 15 4 10 4 13 6 3 3 9 2 3 2 0.2 0.88889 0.58333 1 0.33333 0.85714 1 1 NA 0.66667 0.81818 1 0.1 0.8 0.7 1 0.1 0.6 0.9 1 0 0.6 0.9 1
"44" 0.70588 0.82353 1 0.94118 0.47059 0.70588 0.94118 0.94118 0.642857142857143 0.928571428571429 0.928571428571429 1 0.01136 0.02273 0.01136 0.01136 0.01136 0 0 0 0 0.010989010989011 0 0 13 10 9 6 16 6 6 5 7 3 1 1 0.66667 1 0.75 0.81818 NA 1 0.75 0.69231 0.66667 1 0.76923 1 0.15385 0.38462 0.46154 0.69231 0 0.53846 0.69231 0.69231 0.15385 0.53846 0.76923 0.84615
"45" 0.75 1 1 1 0.66667 1 1 1 0.444444444444444 0.888888888888889 0.888888888888889 1 0 0 0 0.03226 0 0 0 0.03226 0.0104166666666667 0 0.0208333333333333 0 5 5 3 8 7 5 3 8 7 1 6 0 1 1 1 1 1 1 1 1 1 1 1 0.66667 0.5 0.375 0.625 0.375 0.25 0.375 0.625 0.375 0.5 0.375 0.625 0.25
"46" 0.63636 0.90909 0.90909 1 0.54545 0.90909 0.90909 1 0.6 1 0.933333333333333 1 0.02128 0.03191 0.04255 0.02128 0 0 0 0 0 0 0 0.0111111111111111 9 5 6 4 7 2 2 2 8 1 2 1 0 1 0.66667 0.5 NA 1 1 1 NA 1 1 1 0 0.5 0.5 0.5 0 0.5 0.5 0.5 0 0.5 0.5 0.5
"47" 0.4 0.86667 0.93333 0.93333 0.33333 0.8 0.93333 0.93333 0.7 1 1 1 0.02222 0.01111 0.02222 0 0 0 0.02222 0 0 0 0.0105263157894737 0.0105263157894737 14 6 5 7 13 6 5 7 7 0 1 1 NA 1 0.85714 0.66667 NA 1 0.85714 0.66667 NA 0.42857 1 0.66667 0 0.55556 0.66667 0.22222 0 0.44444 0.66667 0.22222 0 0.33333 0.66667 0.22222
"48" 0.53333 0.86667 0.93333 0.86667 0.4 0.8 0.93333 0.86667 0.368421052631579 0.736842105263158 0.789473684210526 0.842105263157895 0.03333 0.01111 0 0 0.01111 0 0 0 0 0.0116279069767442 0.0116279069767442 0 14 6 2 3 14 4 2 3 17 11 6 9 1 1 1 1 1 1 1 1 1 1 0.92308 1 0.30769 0.69231 0.92308 0.84615 0.15385 0.76923 0.92308 0.84615 0.15385 0.61538 0.92308 0.84615
"49" 0.6 0.8 0.9 1 0.6 0.8 0.9 1 0.3 0.75 1 1 0.01053 0.04211 0.01053 0.02105 0 0.02105 0 0 0.0117647058823529 0 0.0117647058823529 0 6 7 4 4 5 5 3 2 21 9 9 3 1 1 1 1 1 1 1 1 1 1 1 1 0.28571 0.57143 0.57143 0.71429 0.28571 0.57143 0.57143 0.71429 0.57143 0.57143 0.57143 0.71429
"50" 0.45455 0.72727 1 0.90909 0.36364 0.72727 1 0.90909 0.4 0.866666666666667 0.866666666666667 1 0.03191 0.02128 0 0.03191 0 0 0 0 0.0111111111111111 0.0333333333333333 0 0.0111111111111111 10 5 0 4 7 4 0 1 13 12 4 2 1 1 1 1 1 1 1 1 1 1 1 1 0.4 1 1 1 0.4 0.8 1 1 0.4 1 1 1
"51" 0.61111 0.77778 0.88889 0.88889 0.55556 0.77778 0.83333 0.88889 0.615384615384615 0.923076923076923 1 1 0 0 0.01149 0.01149 0 0 0.01149 0.01149 0 0 0.0108695652173913 0.0217391304347826 16 8 4 3 16 8 8 3 8 1 2 2 NA 0.9 0.92857 0.93333 NA 0.9 0.9 0.93333 NA 0.81818 1 0.92308 0 0.6 0.86667 0.93333 0 0.6 0.6 0.93333 0 0.6 0.86667 0.8
"52" 0.42857 0.61905 0.71429 0.80952 0.33333 0.61905 0.66667 0.80952 0.636363636363636 0.909090909090909 1 1 0 0.0119 0 0.0119 0 0 0 0 0 0 0.0106382978723404 0 17 13 10 8 19 13 13 7 6 5 1 0 0.66667 1 1 1 NA 1 1 1 0.83333 0.57143 1 1 0.11765 0.35294 0.47059 0.58824 0 0.23529 0.29412 0.58824 0.29412 0.23529 0.47059 0.58824
"53" 0.63636 0.90909 1 1 0.54545 0.81818 1 1 0.454545454545455 0.818181818181818 1 1 0.01064 0.03191 0.03191 0.02128 0 0.01064 0 0.02128 0 0.0106382978723404 0 0.0212765957446809 7 8 6 3 9 5 2 3 7 4 3 3 0.75 1 0.83333 0.875 0.5 1 1 0.875 NA 1 1 0.875 0.375 0.5 0.625 0.875 0.125 0.625 0.75 0.875 0 0.75 0.75 0.875
"54" 0.4 0.6 0.7 0.8 0.3 0.6 0.7 0.8 0.583333333333333 0.916666666666667 0.916666666666667 0.916666666666667 0.01176 0.02353 0.01176 0.01176 0 0.02353 0.01176 0.01176 0 0.010752688172043 0 0 18 13 7 8 18 11 8 9 10 3 2 2 0.5 0.72727 0.90909 0.9 0.5 1 0.9 0.88889 NA 0.83333 0.90909 0.88889 0.125 0.5 0.625 0.5625 0.0625 0.5 0.5625 0.5 0 0.3125 0.625 0.5
"55" 0.52 0.68 0.64 0.72 0.44 0.64 0.64 0.68 0.461538461538462 0.769230769230769 1 0.923076923076923 0.025 0 0.025 0.025 0.0125 0 0 0 0 0.0108695652173913 0 0 23 19 21 19 22 20 19 18 10 7 4 3 0.2 0.35294 0.35294 0.4 0 0.3125 0.375 0.41176 NA 0.3125 0.3125 0.36842 0.13333 0.4 0.4 0.53333 0 0.33333 0.4 0.46667 0 0.33333 0.33333 0.46667
"56" 0.84211 0.84211 0.94737 0.94737 0.68421 0.84211 0.89474 0.94737 0.545454545454545 1 1 1 0.01163 0.02326 0 0.01163 0 0 0 0 0.0106382978723404 0.0106382978723404 0.0319148936170213 0 10 10 6 4 15 5 6 3 10 5 9 0 0.625 1 0.83333 1 0.33333 1 0.83333 1 1 0.77778 0.83333 1 0.66667 0.46667 0.66667 0.8 0.06667 0.66667 0.66667 0.8 0.13333 0.46667 0.66667 0.8
"57" 0.45455 0.81818 0.86364 0.86364 0.5 0.81818 0.86364 0.86364 0.347826086956522 0.608695652173913 0.739130434782609 0.782608695652174 0.01205 0 0 0 0 0 0 0 0.024390243902439 0.0121951219512195 0 0 19 6 6 6 19 8 7 6 23 15 11 9 0.5 0.875 0.875 1 NA 0.85714 0.86667 1 0.5 0.8125 0.76471 1 0.05882 0.82353 0.82353 0.70588 0 0.70588 0.76471 0.70588 0.05882 0.76471 0.76471 0.70588
"58" 0.61538 0.92308 1 1 0.53846 0.84615 1 1 0.4 0.7 0.9 0.95 0.01087 0.02174 0.02174 0 0.01087 0 0 0 0.0117647058823529 0 0 0.0117647058823529 8 6 4 0 8 4 2 0 19 8 2 6 0.6 0.625 1 1 1 1 1 1 1 1 1 1 0.375 0.625 0.75 1 0.25 0.5 0.75 1 0.25 0.5 0.75 1
"59" 0.57143 0.92857 1 1 0.42857 0.92857 0.92857 0.92857 0.5 0.6875 0.6875 0.75 0.01099 0.02198 0.01099 0.02198 0.01099 0 0 0 0.0112359550561798 0 0 0 11 11 5 4 13 7 9 1 15 8 6 5 NA 0.5 0.6 0.7 NA 1 NA 1 NA 0.5 0.6 1 0 0.25 0.75 0.875 0 0.25 0 1 0 0.25 0.75 1
"60" 0.76471 0.82353 0.88235 0.88235 0.64706 0.82353 0.88235 0.88235 0.5 0.6875 0.875 0.875 0.01136 0.01136 0.01136 0 0 0 0 0 0 0.0112359550561798 0 0.0449438202247191 10 8 9 7 12 7 6 7 10 10 3 8 0.71429 1 0.6 0.58333 NA 1 0.66667 0.58333 1 1 0.66667 1 0.5 0.4 0.6 0.7 0 0.4 0.8 0.7 0.2 0.4 0.8 0.4
"61" 0.61538 1 1 1 0.53846 0.92308 1 1 0.727272727272727 0.818181818181818 0.909090909090909 0.909090909090909 0.01087 0.01087 0.01087 0.01087 0.01087 0 0 0 0 0.0106382978723404 0 0 9 1 4 2 10 1 3 0 8 7 1 1 0.6 0.91667 0.8 0.83333 1 1 0.88889 1 1 1 0.90909 1 0.27273 1 0.72727 0.90909 0.18182 0.90909 0.72727 1 0.18182 0.90909 0.90909 1
"62" 0.625 0.9375 1 0.9375 0.4375 0.875 1 0.9375 0.625 0.6875 0.8125 0.875 0 0 0.02247 0.01124 0 0 0 0 0 0 0.0112359550561798 0.0112359550561798 11 4 9 5 13 5 4 4 13 11 7 9 1 1 0.81818 0.90909 1 1 0.85714 1 1 1 0.81818 1 0.28571 0.71429 0.64286 0.71429 0.14286 0.64286 0.85714 0.71429 0.14286 0.35714 0.64286 0.78571
"63" 0.75 0.875 0.875 0.875 0.625 0.875 0.8125 0.8125 0.6 0.8 0.866666666666667 1 0.01124 0.02247 0.01124 0.03371 0 0 0 0 0.0111111111111111 0 0 0 12 8 6 7 12 3 5 5 9 3 2 2 0.44444 0.75 0.77778 0.875 0.5 1 1 1 0.6 0.75 0.71429 1 0.4 0.6 0.7 0.7 0.2 0.8 0.6 0.6 0.3 0.6 0.5 0.8
"64" 0.6 0.75 0.85 0.85 0.45 0.6 0.75 0.8 0.272727272727273 0.681818181818182 0.772727272727273 0.818181818181818 0.01176 0.01176 0.01176 0 0 0 0.01176 0 0 0 0 0 15 9 12 5 15 14 11 9 20 11 9 7 1 0.75 0.72727 0.875 0.75 1 0.875 0.83333 0.75 0.91667 0.69231 0.8 0.25 0.5625 0.5 0.875 0.1875 0.25 0.4375 0.625 0.1875 0.6875 0.5625 0.75
"65" 0.63158 0.94737 0.94737 0.94737 0.57895 0.89474 0.89474 0.94737 0.375 0.8125 0.9375 1 0.01163 0.02326 0 0 0.01163 0.01163 0 0 0.0112359550561798 0.0112359550561798 0.0112359550561798 0 12 6 1 1 14 5 4 1 15 10 3 2 1 0.85714 1 1 1 0.85714 1 1 1 0.84615 1 0.92857 0.4 0.8 0.93333 0.93333 0.26667 0.8 0.73333 0.93333 0.26667 0.73333 0.73333 0.86667
"66" 0.42857 0.7619 0.7619 0.85714 0.38095 0.71429 0.71429 0.7619 0.461538461538462 0.769230769230769 0.846153846153846 0.846153846153846 0.0119 0.0119 0.0119 0.0119 0 0.0119 0 0 0 0.0108695652173913 0 0.0108695652173913 16 13 11 7 16 12 10 12 10 8 8 6 NA 0.71429 0.58333 0.83333 NA 0.625 0.63636 0.5 NA 1 0.4375 0.46154 0 0.35714 0.5 0.71429 0 0.35714 0.5 0.35714 0 0.5 0.5 0.42857
"67" 0.83333 1 1 1 0.83333 0.83333 1 1 0.3 0.65 0.8 0.8 0.0303 0.0202 0.0101 0.0202 0 0.0101 0 0 0 0 0 0 6 2 1 2 1 2 0 0 20 9 7 4 0 NA NA NA NA NA NA NA 0 NA NA NA NA NA NA NA NA NA NA NA NA NA NA NA
"68" 0.72727 1 1 1 0.63636 1 1 1 0.571428571428571 0.857142857142857 0.857142857142857 1 0.03191 0.01064 0.04255 0.01064 0.03191 0 0 0 0 0 0 0 11 1 7 2 12 0 0 0 10 6 3 2 0.4 0.875 0.625 0.85714 0.2 1 1 1 0.42857 1 1 1 0.28571 1 0.71429 0.85714 0.14286 1 1 1 0.42857 1 1 1
"69" 0.66667 1 0.94444 0.94444 0.55556 0.88889 0.77778 0.94444 0.727272727272727 0.909090909090909 0.818181818181818 1 0.01149 0 0 0.01149 0 0 0 0 0.0106382978723404 0 0.0106382978723404 0.0212765957446809 12 2 1 5 12 4 4 1 6 1 4 2 0.75 0.91667 1 0.84615 1 0.9 1 1 1 1 0.91667 1 0.23077 0.84615 0.92308 0.84615 0.15385 0.69231 0.76923 0.92308 0.15385 0.92308 0.84615 1
"70" 0.8 0.9 1 1 0.7 0.9 1 1 0.714285714285714 0.928571428571429 0.857142857142857 0.928571428571429 0.02105 0.03158 0.03158 0.01053 0 0 0 0.01053 0 0.010989010989011 0.010989010989011 0 7 6 4 1 4 1 0 2 11 5 4 2 0.5 0.625 0.83333 1 1 1 1 0.83333 0.75 0.6 0.75 1 0.66667 0.83333 0.83333 1 0.66667 0.83333 1 0.83333 0.5 0.5 1 1
"71" 0.66667 0.66667 0.88889 1 0.66667 0.66667 0.88889 1 0.368421052631579 0.894736842105263 0.842105263157895 1 0.02083 0.03125 0.01042 0.01042 0 0 0 0 0 0 0 0 5 6 2 1 3 3 1 0 17 7 8 0 1 1 1 1 1 1 1 1 1 1 1 1 0.66667 0.66667 0.66667 1 0.66667 0.66667 0.66667 1 0.66667 0.66667 0.66667 1
"72" 0.46667 0.8 0.86667 0.86667 0.46667 0.6 0.8 0.86667 0.470588235294118 0.823529411764706 0.823529411764706 0.882352941176471 0.03333 0.01111 0.01111 0.02222 0.01111 0.02222 0 0.01111 0 0 0 0 14 5 4 11 12 12 4 4 17 8 10 10 NA 1 1 0.46154 NA NA 1 1 0 1 1 1 0 0.75 0.75 0.75 0 0 0.75 0.75 0 0.75 0.75 0.75
"73" 0.7 0.7 0.7 1 0.6 0.7 0.7 1 0.8 1 1 1 0.01053 0.01053 0.02105 0.04211 0 0 0 0 0.0315789473684211 0.0105263157894737 0 0 6 6 7 5 8 5 5 1 10 1 0 0 1 1 0.5 0.7 NA 1 1 1 NA 0.5 1 0.875 0.42857 0.42857 0.42857 1 0 0.42857 0.42857 0.85714 0 0.28571 0.42857 1
"74" 0.66667 0.77778 0.88889 0.77778 0.44444 0.77778 0.88889 0.77778 0.357142857142857 0.857142857142857 0.928571428571429 0.928571428571429 0.01042 0.03125 0.03125 0.01042 0.01042 0 0 0.01042 0 0.010989010989011 0.010989010989011 0 5 6 5 4 8 4 3 4 12 7 2 3 0.75 1 0.75 1 0.5 0.6 1 1 0.5 0.6 0.6 1 0.42857 0.57143 0.85714 0.57143 0.14286 0.42857 0.57143 0.57143 0.28571 0.42857 0.42857 0.57143
"75" 0.38462 0.92308 0.92308 1 0.38462 0.92308 0.92308 1 0.5 0.833333333333333 0.888888888888889 0.833333333333333 0 0.01087 0.01087 0 0 0 0 0 0 0 0 0 10 2 3 0 10 5 1 0 16 5 4 5 NA 1 0.77778 1 NA 0.66667 1 1 NA 1 1 1 0 1 1 1 0 0.57143 1 1 0 1 0.71429 1
"76" 0.45455 0.72727 0.86364 0.81818 0.45455 0.68182 0.81818 0.81818 0.434782608695652 0.608695652173913 0.782608695652174 0.826086956521739 0.0241 0 0.01205 0.0241 0 0 0 0.01205 0 0 0 0 22 17 12 16 21 17 17 15 20 15 12 13 0.5 1 0.75 0.83333 NA 1 0.6 0.83333 NA 1 0.71429 0.83333 0.05263 0.10526 0.47368 0.26316 0 0.10526 0.15789 0.26316 0 0.21053 0.26316 0.26316
"77" 0.77778 1 1 1 0.66667 1 1 1 0.666666666666667 0.944444444444444 1 0.944444444444444 0.02083 0.01042 0.01042 0.02083 0 0 0 0 0.0114942528735632 0 0 0.0114942528735632 7 4 2 2 4 2 0 0 11 4 1 4 0 0.5 0.66667 1 NA 1 1 1 0 1 1 1 0 0.5 1 1 0 0.5 1 1 0 0.5 1 1
"78" 0.71429 0.92857 0.92857 0.92857 0.57143 0.85714 0.92857 0.92857 0.583333333333333 1 0.916666666666667 1 0 0 0 0 0 0 0 0 0.021505376344086 0.010752688172043 0.010752688172043 0.010752688172043 8 3 1 1 11 3 1 1 9 1 3 1 1 1 1 1 1 1 1 1 1 1 1 1 0.4 0.8 1 1 0.2 0.8 1 1 0.2 0.8 1 1
"79" 0.45833 0.70833 0.75 0.75 0.375 0.66667 0.70833 0.75 0.588235294117647 0.705882352941177 0.823529411764706 0.882352941176471 0 0.01235 0.01235 0.02469 0 0.01235 0.02469 0.02469 0.0227272727272727 0.0227272727272727 0 0 16 11 11 13 20 14 14 15 17 10 5 3 0.85714 0.85714 0.75 0.73333 0.75 0.75 0.71429 0.66667 1 0.8 0.81818 0.64286 0.31579 0.63158 0.63158 0.57895 0.15789 0.47368 0.52632 0.52632 0.21053 0.42105 0.47368 0.47368
"80" 0.61538 0.76923 0.76923 0.76923 0.61538 0.76923 0.76923 0.76923 0.4375 0.6875 0.75 0.875 0.02174 0.01087 0 0.02174 0.01087 0 0 0.01087 0 0 0.0112359550561798 0.0112359550561798 11 7 5 7 11 5 5 6 14 9 11 6 0.5 0.8 1 0.83333 0.5 1 1 1 0.5 1 1 1 0.4 0.4 0.5 0.5 0.3 0.5 0.5 0.5 0.3 0.5 0.5 0.5
"81" 0.58824 0.76471 0.82353 0.88235 0.47059 0.76471 0.76471 0.82353 0.454545454545455 0.818181818181818 0.909090909090909 1 0 0 0 0 0 0 0 0 0.0106382978723404 0 0 0.0106382978723404 12 11 7 4 14 11 11 5 11 3 3 3 0.8 1 1 0.92308 1 1 1 0.91667 1 1 1 0.91667 0.25 0.3125 0.5625 0.75 0.125 0.3125 0.3125 0.6875 0.125 0.3125 0.3125 0.6875
"82" 0.66667 1 0.91667 1 0.5 0.83333 0.91667 1 0.6 0.75 0.85 0.85 0.02151 0.01075 0.02151 0 0 0 0.01075 0 0 0 0.0117647058823529 0 11 3 5 2 10 4 3 2 15 11 5 6 0.4 1 0.88889 1 1 1 1 1 1 1 1 1 0.18182 0.81818 0.72727 0.81818 0.18182 0.72727 0.81818 0.81818 0.18182 0.72727 0.81818 0.81818
"83" 0.5 0.72222 0.77778 1 0.33333 0.66667 0.72222 1 0.464285714285714 0.75 0.714285714285714 0.785714285714286 0.02299 0 0.01149 0 0.02299 0 0.01149 0 0 0.012987012987013 0.012987012987013 0 17 15 10 4 19 14 10 3 28 18 14 10 0.4 0.42857 1 0.90909 NA 0.33333 0.83333 1 NA 0.75 1 1 0.14286 0.21429 0.35714 0.71429 0 0.07143 0.35714 0.78571 0 0.21429 0.21429 0.78571
"84" 0.52632 0.84211 0.84211 0.89474 0.36842 0.78947 0.84211 0.89474 0.357142857142857 0.785714285714286 0.857142857142857 0.928571428571429 0.01163 0.01163 0.02326 0.01163 0 0 0 0 0 0 0 0 15 11 7 4 14 8 5 5 13 6 7 6 1 0.58333 0.81818 1 1 1 1 0.90909 1 1 0.8 1 0.15385 0.53846 0.69231 0.84615 0.15385 0.46154 0.69231 0.76923 0.30769 0.46154 0.61538 0.84615
"85" 0.69231 0.92308 1 1 0.46154 0.76923 1 0.92308 0.461538461538462 0.846153846153846 1 1 0 0 0.01087 0.04348 0 0 0 0 0 0.0108695652173913 0.0217391304347826 0.0108695652173913 6 3 1 5 10 4 0 2 8 4 2 1 1 1 1 0.875 1 1 1 1 0.75 1 0.88889 1 0.5 0.625 1 0.875 0.25 0.625 1 0.75 0.375 0.625 1 0.75
"86" 0.6 0.73333 0.93333 1 0.53333 0.73333 0.93333 0.93333 0.6 0.933333333333333 0.933333333333333 0.933333333333333 0.02222 0.03333 0.01111 0 0 0 0 0 0.0111111111111111 0.0111111111111111 0.0111111111111111 0 12 10 4 2 10 9 3 5 10 3 3 2 NA 0.4 0.85714 1 NA 0 1 1 NA 0.4 1 1 0 0.28571 0.85714 0.71429 0 0 0.71429 0.28571 0 0.28571 1 0.28571
"87" 0.75 0.9375 0.9375 1 0.5625 0.8125 0.9375 0.9375 0.5625 0.9375 0.875 0.9375 0 0.01124 0.01124 0.01124 0 0 0.01124 0 0 0 0.0112359550561798 0.0112359550561798 4 4 7 2 7 3 2 1 11 4 4 4 1 0.77778 0.6 0.8 1 1 0.875 1 0.5 0.75 0.875 1 0.75 0.875 0.75 1 0.5 0.75 0.875 0.875 0.5 0.75 0.875 1
"88" 0.69231 0.84615 0.92308 1 0.61538 0.76923 0.92308 1 0.8 0.9 1 1 0.02174 0 0.01087 0.01087 0 0 0 0 0.0105263157894737 0 0 0.0315789473684211 8 2 2 2 5 3 1 0 7 1 1 3 0.5 1 1 0.5 1 1 1 1 1 1 1 1 0.5 1 1 1 1 1 1 1 1 1 1 1
"89" 0.73684 0.73684 0.89474 0.94737 0.52632 0.78947 0.84211 0.94737 0.421052631578947 0.842105263157895 0.947368421052632 0.947368421052632 0.01163 0.01163 0 0 0.01163 0 0 0 0 0.0116279069767442 0 0 13 12 4 2 14 7 4 2 14 9 6 9 0.53846 0.75 1 1 1 1 1 1 0.54545 0.875 1 1 0.41176 0.35294 0.76471 0.88235 0.23529 0.58824 0.76471 0.88235 0.35294 0.41176 0.82353 0.88235
"90" 0.66667 0.91667 0.91667 0.91667 0.5 0.91667 0.83333 0.83333 0.55 0.75 0.9 0.85 0.01075 0 0.02151 0.02151 0 0 0 0.01075 0.0117647058823529 0.0117647058823529 0 0.0117647058823529 9 6 5 5 9 6 3 4 16 10 2 4 0.4 0.5 1 0.75 NA 0.5 1 0.75 1 1 1 0.75 0.4 0.4 0.6 0.6 0 0.4 0.6 0.6 0.4 0.6 0.6 0.6
"91" 0.5 0.85714 0.85714 0.92857 0.42857 0.85714 0.85714 0.85714 0.461538461538462 0.923076923076923 0.923076923076923 1 0 0.02198 0.02198 0.01099 0 0 0 0 0 0 0 0.0108695652173913 10 8 7 4 10 4 4 4 12 5 5 6 NA 0.54545 0.66667 1 NA 1 1 1 NA 0.75 1 1 0 0.75 0.5 0.625 0 0.5 0.5 0.5 0 0.75 0.5 0.625
"92" 0.83333 1 1 1 0.58333 1 1 1 0.315789473684211 0.631578947368421 0.736842105263158 0.789473684210526 0.01075 0.02151 0.01075 0.01075 0 0 0.01075 0 0.0116279069767442 0 0.0116279069767442 0.0116279069767442 7 7 1 3 9 2 1 0 18 9 8 6 0.57143 0.44444 0.85714 1 0 1 0.85714 1 0.75 0.75 0.85714 0.85714 0.66667 0.66667 1 0.66667 0 0.66667 1 1 0.5 0.5 1 1
"93" 0.71429 0.92857 0.92857 1 0.57143 0.92857 0.92857 1 0.476190476190476 0.761904761904762 0.857142857142857 0.904761904761905 0.01099 0.01099 0 0.02198 0 0 0 0.01099 0 0 0 0 12 6 3 4 9 3 1 3 15 6 4 3 0.33333 0.75 0.81818 0.76923 1 1 1 0.76923 1 0.875 1 0.76923 0.1 0.6 0.9 1 0.2 0.7 0.9 1 0.3 0.7 0.9 1
"94" 0.83333 0.83333 0.83333 0.94444 0.66667 0.77778 0.83333 0.88889 0.5 0.785714285714286 0.928571428571429 0.928571428571429 0 0.03448 0 0.02299 0 0 0 0 0 0 0 0.010989010989011 9 11 5 4 13 6 5 2 12 5 1 4 0.85714 0.66667 1 0.84615 1 1 1 1 0.7 1 1 1 0.46154 0.61538 0.61538 0.84615 0.15385 0.61538 0.61538 0.84615 0.53846 0.61538 0.84615 0.84615
"95" 0.61538 0.76923 0.84615 0.84615 0.61538 0.69231 0.84615 0.84615 0.411764705882353 0.705882352941177 0.823529411764706 0.941176470588235 0.01087 0 0.01087 0.04348 0 0 0.01087 0 0 0.0113636363636364 0.0113636363636364 0.0113636363636364 10 8 3 7 8 6 6 3 14 10 10 6 0 0.4 0.83333 1 NA 1 0.57143 1 0 1 0.71429 1 0 0.33333 0.83333 0.66667 0 0.33333 0.66667 0.66667 0 0.33333 0.83333 0.66667
"96" 0.83333 0.83333 0.91667 1 0.75 0.75 0.91667 1 0.5 0.785714285714286 0.857142857142857 0.857142857142857 0.01075 0.02151 0.02151 0 0 0 0 0 0.010989010989011 0 0.032967032967033 0 5 6 5 0 10 4 2 0 11 6 10 5 1 0.75 0.75 1 NA 1 1 1 NA 0.85714 1 1 0.66667 0.66667 0.66667 1 0 0.66667 0.77778 1 0 0.66667 0.77778 1
"97" 0.6 0.9 0.8 1 0.4 0.8 0.8 1 0.529411764705882 0.764705882352941 0.823529411764706 0.882352941176471 0.02105 0 0.04211 0 0.01053 0 0.01053 0 0.0113636363636364 0.0113636363636364 0 0.0227272727272727 10 1 6 2 9 2 3 2 13 7 5 9 1 1 1 0.77778 1 1 1 0.77778 1 1 1 0.77778 0.28571 1 0.85714 1 0.28571 0.85714 0.85714 1 0.28571 0.85714 0.85714 1
"98" 0.625 0.875 0.875 0.875 0.625 0.875 0.875 0.875 0.411764705882353 0.647058823529412 0.823529411764706 0.882352941176471 0.01031 0 0 0 0 0 0 0 0.0113636363636364 0 0.0227272727272727 0 5 1 1 1 4 2 1 1 15 9 9 3 NA 1 1 1 NA 1 1 1 NA 0.75 1 1 0 0.75 0.75 0.75 0 0.5 0.75 0.75 0 0.75 0.75 0.75
"99" 0.66667 1 1 1 0.5 0.91667 1 1 0.416666666666667 0.75 0.833333333333333 0.916666666666667 0.02151 0.01075 0.02151 0 0.01075 0 0 0 0 0.021505376344086 0 0.021505376344086 10 3 2 0 10 2 0 0 9 5 3 4 1 1 0.83333 1 1 1 1 1 NA 0.77778 1 1 0.2 0.8 1 1 0.2 0.8 1 1 0 0.7 1 1
"100" 0.76923 0.84615 0.92308 0.92308 0.69231 0.84615 0.84615 0.92308 0.529411764705882 0.823529411764706 0.823529411764706 0.941176470588235 0.01087 0 0.01087 0.02174 0 0 0 0.01087 0 0 0 0.0227272727272727 7 4 2 7 7 4 3 7 14 7 10 9 1 0.8 1 0.8 1 0.8 1 0.6 1 0.8 0.85714 0.8 0.28571 0.57143 1 0.57143 0.28571 0.57143 0.71429 0.42857 0.28571 0.57143 0.85714 0.57143
