"V1" "V2" "V3" "V4" "V5" "V6" "V7" "V8" "V9" "V10" "V11" "V12" "V13" "V14" "V15" "V16" "V17" "V18" "V19" "V20" "V21" "V22" "V23" "V24" "V25" "V26" "V27" "V28" "V29" "V30" "V31" "V32" "V33" "V34" "V35" "V36" "V37" "V38" "V39" "V40" "V41" "V42" "V43" "V44" "V45" "V46" "V47" "V48" "V49" "V50" "V51" "V52" "V53" "V54" "V55" "V56" "V57" "V58" "V59" "V60"
"1" 0.40741 0.61111 0.66667 0.7037 0.33333 0.57407 0.62037 0.69444 0.254545454545455 0.509090909090909 0.527272727272727 0.618181818181818 0.00454 0.00454 0.00227 0 0.00227 0.00227 0 0 0.00454545454545455 0.00909090909090909 0.00681818181818182 0.00795454545454545 93 71 58 55 97 61 58 54 113 76 70 69 0.64286 0.80851 0.92593 0.92593 0.59091 0.92157 0.85714 0.96226 0.65 0.77778 0.77778 0.94231 0.17308 0.36538 0.48077 0.48077 0.125 0.45192 0.46154 0.49038 0.125 0.40385 0.40385 0.47115
"2" 0.28829 0.56757 0.59459 0.66667 0.21622 0.5045 0.57658 0.63063 0.169354838709677 0.483870967741935 0.532258064516129 0.532258064516129 0.00683 0.00455 0.00569 0.00455 0.00228 0.00683 0.00569 0.00341 0.00808314087759815 0.00577367205542725 0.00577367205542725 0.0069284064665127 107 68 76 63 108 81 72 66 128 95 87 80 0.52941 0.83333 0.82979 0.92453 0.28571 0.7 0.7963 0.87037 0.42857 0.80952 0.73585 0.85965 0.08333 0.41667 0.36111 0.4537 0.03704 0.32407 0.39815 0.43519 0.02778 0.31481 0.36111 0.4537
"3" 0.36283 0.53097 0.58407 0.63717 0.27434 0.49558 0.53097 0.59292 0.256410256410256 0.538461538461538 0.641025641025641 0.658119658119658 0.00684 0.00228 0.00456 0.00114 0.00228 0.00228 0.00456 0.00228 0.00343642611683849 0.00343642611683849 0.00229095074455899 0.00229095074455899 100 77 76 76 106 80 81 72 118 69 65 58 0.56667 0.88095 0.78846 0.925 0.5625 0.72917 0.72 0.78182 0.5625 0.88095 0.7561 0.76 0.15455 0.33636 0.37273 0.33636 0.08182 0.31818 0.32727 0.39091 0.08182 0.33636 0.28182 0.34545
"4" 0.32759 0.5 0.55172 0.62069 0.25 0.44828 0.50862 0.60345 0.230088495575221 0.52212389380531 0.610619469026549 0.68141592920354 0.00686 0.00458 0.00915 0.00458 0.00229 0.00114 0.00229 0.00343 0.00228050171037628 0.00798175598631699 0.00798175598631699 0.00228050171037628 100 81 85 65 107 83 80 65 110 73 83 63 0.63333 0.70833 0.68519 0.87037 0.7 0.81579 0.75 0.90196 0.6 0.61364 0.67442 0.70175 0.17757 0.31776 0.34579 0.43925 0.06542 0.28972 0.28037 0.42991 0.02804 0.25234 0.27103 0.37383
"5" 0.34615 0.54808 0.59615 0.65385 0.29808 0.50962 0.56731 0.64423 0.254545454545455 0.627272727272727 0.690909090909091 0.772727272727273 0.01016 0.0079 0.00677 0.00677 0.00451 0.00226 0.00339 0.00451 0.00227272727272727 0.00454545454545455 0.00454545454545455 0 95 73 66 64 96 67 62 57 104 62 57 42 0.5 0.81395 0.80769 0.84314 0.71429 0.86047 0.82692 0.92308 0.61111 0.73077 0.84783 0.78 0.18367 0.35714 0.42857 0.43878 0.10204 0.37755 0.43878 0.4898 0.11224 0.38776 0.39796 0.39796
"6" 0.25 0.51562 0.57812 0.61719 0.19531 0.42969 0.49219 0.60156 0.23728813559322 0.516949152542373 0.610169491525424 0.652542372881356 0.01044 0.00928 0.00464 0.0058 0.00464 0.00348 0.00232 0.00348 0.00344036697247706 0.00344036697247706 0.00573394495412844 0.00344036697247706 124 93 85 81 124 93 85 73 115 81 79 77 0.4 0.80392 0.78571 0.84483 0.75 0.77273 0.76923 0.92857 0.5 0.79245 0.75 0.88462 0.10435 0.35652 0.38261 0.42609 0.05217 0.29565 0.34783 0.45217 0.07826 0.36522 0.3913 0.4
"7" 0.2803 0.45455 0.49242 0.5303 0.24242 0.41667 0.45455 0.51515 0.216 0.44 0.496 0.536 0.00466 0.0035 0.00816 0.0035 0.00233 0.00233 0.00583 0.0035 0.00346820809248555 0.00578034682080925 0.0115606936416185 0.00809248554913295 119 98 106 94 122 107 105 98 125 96 101 91 0.6 0.74 0.62264 0.81633 0.58824 0.76471 0.66667 0.75 1 0.63158 0.80556 0.71739 0.11538 0.28462 0.25385 0.30769 0.07692 0.2 0.24615 0.27692 0.03846 0.18462 0.22308 0.25385
"8" 0.31034 0.59483 0.62931 0.64655 0.24138 0.52586 0.60345 0.63793 0.238938053097345 0.504424778761062 0.530973451327434 0.619469026548673 0.01259 0.00801 0.00686 0.00686 0.00686 0.00572 0.00572 0.00572 0.00570125427594071 0.0102622576966933 0.00456100342075257 0.00684150513112885 112 68 71 63 117 70 67 65 115 86 78 74 0.55556 0.98148 0.79365 0.85075 0.5 0.82258 0.85965 0.89831 0.40909 0.88 0.77778 0.83871 0.13636 0.48182 0.45455 0.51818 0.04545 0.46364 0.44545 0.48182 0.08182 0.4 0.38182 0.47273
"9" 0.32174 0.52174 0.58261 0.62609 0.26957 0.45217 0.53043 0.56522 0.218487394957983 0.554621848739496 0.563025210084034 0.663865546218487 0.00229 0.01029 0.00686 0.00686 0.00343 0.00343 0.00343 0.008 0.00574052812858783 0.00459242250287026 0.0068886337543054 0.00229621125143513 102 80 77 75 107 84 74 84 117 78 81 77 0.59091 0.81633 0.77358 0.84615 0.5625 0.72727 0.77778 0.70588 0.8 0.66667 0.79592 0.73077 0.11818 0.36364 0.37273 0.4 0.08182 0.29091 0.38182 0.32727 0.07273 0.29091 0.35455 0.34545
"10" 0.29032 0.43548 0.52419 0.55645 0.21774 0.37903 0.45968 0.55645 0.272 0.464 0.536 0.568 0.00462 0.00346 0.00577 0.00577 0.00115 0.00231 0.00462 0.00346 0.00115606936416185 0.0092485549132948 0.00346820809248555 0.00578034682080925 111 92 85 81 113 99 90 76 120 94 82 91 0.5 0.81818 0.73585 0.82692 1 0.74194 0.68 0.83929 1 0.55814 0.76364 0.85106 0.125 0.24107 0.34821 0.38393 0.0625 0.20536 0.30357 0.41964 0.04464 0.21429 0.375 0.35714
"11" 0.27586 0.57759 0.59483 0.67241 0.24138 0.52586 0.56897 0.64655 0.264957264957265 0.495726495726496 0.547008547008547 0.598290598290598 0.00801 0.00343 0.00915 0.0103 0.00343 0.00229 0.00686 0.00686 0.0011454753722795 0.00687285223367698 0.00687285223367698 0.00458190148911798 107 77 84 71 112 78 79 71 116 78 79 72 0.7 0.75472 0.8125 0.8 0.83333 0.81818 0.71186 0.76923 0.57143 0.72727 0.76 0.70492 0.12844 0.36697 0.3578 0.47706 0.04587 0.33028 0.38532 0.45872 0.07339 0.36697 0.34862 0.3945
"12" 0.30833 0.5 0.55 0.6 0.20833 0.45833 0.525 0.58333 0.303921568627451 0.607843137254902 0.647058823529412 0.696078431372549 0.01034 0.00575 0.00805 0.0069 0.00345 0.00575 0.0046 0.00575 0.00563063063063063 0.0045045045045045 0.00225225225225225 0 114 94 94 85 118 90 92 86 100 61 47 47 0.4375 0.65217 0.65957 0.76471 0.8 0.84211 0.64 0.81818 0.68182 0.54167 0.65517 0.78723 0.12174 0.26087 0.26957 0.33913 0.03478 0.27826 0.27826 0.31304 0.13043 0.22609 0.33043 0.32174
"13" 0.3125 0.59821 0.66071 0.6875 0.24107 0.58036 0.65179 0.67857 0.242990654205607 0.598130841121495 0.644859813084112 0.672897196261682 0.00683 0.00456 0.00456 0.00456 0.00228 0.00228 0.00228 0.00114 0.00679501698754247 0.00566251415628539 0.00453001132502831 0.00339750849377123 106 66 65 57 107 71 65 59 109 69 63 56 0.6875 0.90741 0.86207 0.93548 0.85714 0.91304 0.82759 0.94643 0.77778 0.88 0.82222 0.87037 0.0991 0.44144 0.45045 0.52252 0.05405 0.37838 0.43243 0.47748 0.06306 0.3964 0.33333 0.42342
"14" 0.33333 0.52252 0.55856 0.6036 0.25225 0.45946 0.54955 0.59459 0.298076923076923 0.596153846153846 0.682692307692308 0.682692307692308 0.00796 0.00683 0.00683 0.0091 0.00341 0.00683 0.00569 0.00683 0.00225733634311512 0.00112866817155756 0.00338600451467269 0.00225733634311512 102 82 80 79 99 92 80 74 97 60 55 49 0.54545 0.66 0.66667 0.66071 0.76923 0.69697 0.68 0.7451 0.64286 0.62264 0.63636 0.72917 0.11881 0.32673 0.33663 0.36634 0.09901 0.22772 0.33663 0.37624 0.08911 0.32673 0.34653 0.34653
"15" 0.30097 0.57282 0.61165 0.67961 0.23301 0.54369 0.60194 0.6699 0.27027027027027 0.585585585585586 0.657657657657658 0.666666666666667 0.00676 0.00338 0.00338 0.00676 0.00225 0 0.00225 0.00225 0.00227531285551763 0.00227531285551763 0 0.00341296928327645 97 67 64 59 101 65 63 57 107 71 63 57 0.53846 0.81395 0.75926 0.79661 NA 0.96875 0.8125 0.81818 1 0.77778 0.80392 0.9 0.07527 0.37634 0.44086 0.50538 0 0.33333 0.41935 0.48387 0.02151 0.37634 0.44086 0.48387
"16" 0.26446 0.52066 0.57851 0.6281 0.21488 0.49587 0.55372 0.60331 0.282828282828283 0.595959595959596 0.656565656565657 0.747474747474748 0.0046 0.0023 0.00345 0.0046 0.00115 0.0023 0 0.00345 0.00561167227833894 0 0.00112233445566779 0.00112233445566779 111 91 84 84 115 91 80 83 96 46 45 35 0.64706 0.70732 0.72 0.77551 1 0.7381 0.81395 0.73585 0.3913 0.68421 0.74419 0.78846 0.09649 0.25439 0.31579 0.33333 0.03509 0.27193 0.30702 0.34211 0.07895 0.34211 0.2807 0.35965
"17" 0.28814 0.5339 0.61017 0.63559 0.23729 0.47458 0.57627 0.61017 0.287037037037037 0.574074074074074 0.657407407407407 0.675925925925926 0.00229 0.00229 0.00459 0.00803 0.00115 0.00229 0.00573 0.00344 0.00226757369614512 0.00226757369614512 0.00566893424036281 0.00453514739229025 110 79 69 76 117 86 74 71 105 61 63 60 0.5625 0.86364 0.85 0.78333 0.33333 0.88571 0.77049 0.79661 0.5 0.83333 0.85714 0.85106 0.07965 0.33628 0.45133 0.41593 0.0177 0.27434 0.41593 0.41593 0.04425 0.30973 0.42478 0.35398
"18" 0.26786 0.47321 0.58929 0.66964 0.24107 0.46429 0.53571 0.63393 0.222222222222222 0.420634920634921 0.523809523809524 0.53968253968254 0.00569 0.01139 0.00456 0.00683 0.00456 0.00569 0.00342 0.00342 0.00578703703703704 0.00810185185185185 0.00694444444444444 0.00578703703703704 104 87 76 69 106 81 73 64 126 95 87 84 0.61538 0.61702 0.68519 0.83333 0.83333 0.70455 0.7451 0.85185 1 0.55814 0.75556 0.68966 0.07767 0.28155 0.35922 0.43689 0.04854 0.30097 0.36893 0.4466 0.03883 0.23301 0.3301 0.38835
"19" 0.30841 0.47664 0.5514 0.57009 0.24299 0.42991 0.51402 0.56075 0.201754385964912 0.5 0.526315789473684 0.56140350877193 0.0068 0.00453 0.0068 0.0068 0.0034 0.00453 0.0034 0.00566 0.0045662100456621 0.00228310502283105 0.00684931506849315 0.0091324200913242 98 77 76 74 98 78 70 67 112 80 77 85 0.69231 0.67442 0.66667 0.7234 0.8 0.69048 0.80952 0.82609 0.33333 0.58537 0.68085 0.76744 0.09278 0.29897 0.30928 0.35052 0.08247 0.29897 0.35052 0.39175 0.02062 0.24742 0.3299 0.34021
"20" 0.37168 0.58407 0.64602 0.72566 0.27434 0.52212 0.61947 0.69027 0.25 0.517857142857143 0.580357142857143 0.616071428571429 0.00228 0.0057 0.00456 0.00456 0.00342 0.00342 0.00456 0.00228 0.00341685649202733 0.00455580865603645 0.00455580865603645 0.00683371298405467 97 68 74 58 106 71 67 58 106 73 76 63 0.625 0.88 0.81633 0.92857 0.77778 0.86 0.83019 0.92593 0.75 0.85714 0.85417 0.90909 0.14286 0.41905 0.38095 0.49524 0.06667 0.40952 0.41905 0.47619 0.02857 0.4 0.39048 0.47619
"21" 0.39048 0.59048 0.62857 0.66667 0.32381 0.53333 0.58095 0.66667 0.283185840707965 0.548672566371681 0.646017699115044 0.654867256637168 0.00565 0.00339 0.00791 0.00565 0.00226 0.00339 0.00113 0.00339 0.00684150513112885 0.00228050171037628 0.00342075256556442 0.00114025085518814 89 64 74 59 86 67 62 55 103 74 66 63 0.62963 0.80392 0.70588 0.87273 0.9 0.82222 0.86667 0.85714 0.60714 0.83673 0.78431 0.86538 0.17347 0.41837 0.36735 0.4898 0.18367 0.37755 0.39796 0.4898 0.17347 0.41837 0.40816 0.45918
"22" 0.28947 0.58772 0.63158 0.68421 0.2193 0.53509 0.61404 0.68421 0.272727272727273 0.563636363636364 0.636363636363636 0.681818181818182 0.01027 0.00342 0.00457 0.00457 0.00685 0.00342 0.00228 0.00114 0.00568181818181818 0.00568181818181818 0.00340909090909091 0 111 72 66 62 110 76 63 58 111 68 56 54 0.66667 0.77193 0.90741 0.85714 0.47368 0.78431 0.85246 0.84848 0.5 0.7931 0.90385 0.89552 0.09174 0.40367 0.44954 0.49541 0.08257 0.36697 0.47706 0.51376 0.06422 0.42202 0.43119 0.55046
"23" 0.36036 0.57658 0.63964 0.7027 0.30631 0.54955 0.59459 0.68468 0.278846153846154 0.625 0.663461538461538 0.75 0.00341 0.0091 0.00569 0.00683 0.00228 0.00455 0.00341 0.00455 0.00225733634311512 0.00564334085778781 0.00677200902934537 0.00225733634311512 95 82 66 63 106 77 67 59 103 71 57 54 0.68 0.70833 0.82143 0.84746 0.71429 0.85366 0.88 0.87931 0.91667 0.86486 0.92157 0.88136 0.16667 0.33333 0.45098 0.4902 0.04902 0.34314 0.43137 0.5 0.10784 0.31373 0.46078 0.5098
"24" 0.32479 0.49573 0.5641 0.61538 0.25641 0.45299 0.52991 0.59829 0.243697478991597 0.512605042016807 0.588235294117647 0.638655462184874 0.00458 0.00458 0.00458 0.00573 0.00344 0.00344 0.00344 0.00573 0.0034443168771527 0.00459242250287026 0.00229621125143513 0.0068886337543054 109 81 83 78 112 83 80 78 110 82 76 73 0.47368 0.74 0.76087 0.72131 1 0.66667 0.7551 0.71667 0.75 0.73469 0.63265 0.63793 0.08257 0.33945 0.3211 0.40367 0.04587 0.31193 0.33945 0.3945 0.02752 0.33028 0.2844 0.33945
"25" 0.25439 0.53509 0.58772 0.65789 0.20175 0.48246 0.55263 0.62281 0.206106870229008 0.389312977099237 0.458015267175573 0.465648854961832 0.01256 0.00571 0.00799 0.00457 0.00457 0.00228 0.00342 0.00342 0.00814901047729918 0.0116414435389988 0.0069848661233993 0.0116414435389988 108 78 81 71 113 74 70 78 135 116 106 108 0.42424 0.75 0.80952 0.82353 0 0.85714 0.82353 0.75556 0.35714 0.71739 0.83333 0.83333 0.13333 0.34286 0.32381 0.4 0 0.34286 0.4 0.32381 0.04762 0.31429 0.33333 0.38095
"26" 0.33333 0.60784 0.65686 0.7451 0.2451 0.57843 0.64706 0.72549 0.364583333333333 0.5625 0.697916666666667 0.708333333333333 0.01351 0.00338 0.00901 0.00225 0.00676 0.00225 0.00563 0.00338 0.00335570469798658 0.00335570469798658 0.00447427293064877 0.00671140939597315 96 63 62 47 102 66 59 47 89 60 47 52 0.5 0.82222 0.80769 0.86667 0.5 0.80488 0.85714 0.92857 1 0.71154 0.7619 0.89286 0.15789 0.38947 0.44211 0.54737 0.03158 0.34737 0.44211 0.54737 0.02105 0.38947 0.33684 0.52632
"27" 0.33019 0.5283 0.59434 0.61321 0.24528 0.5 0.58491 0.59434 0.307017543859649 0.552631578947368 0.631578947368421 0.719298245614035 0.00679 0.00679 0.01131 0.00905 0.00226 0.00339 0.00679 0.00339 0.0045662100456621 0.00228310502283105 0.00228310502283105 0.00342465753424658 103 75 75 69 100 71 69 63 106 68 59 58 0.4375 0.72093 0.68966 0.74576 0.75 0.90909 0.73684 0.82353 0.30435 0.63636 0.76471 0.88889 0.07143 0.31633 0.40816 0.44898 0.03061 0.30612 0.42857 0.42857 0.07143 0.28571 0.39796 0.40816
"28" 0.32381 0.52381 0.57143 0.65714 0.25714 0.47619 0.55238 0.61905 0.296296296296296 0.527777777777778 0.583333333333333 0.62037037037037 0.00452 0.01017 0.00678 0.00452 0.00226 0.00452 0.00113 0.00339 0.00226757369614512 0.00453514739229025 0.00680272108843537 0.00566893424036281 94 83 74 71 98 73 72 74 100 72 71 56 0.66667 0.63043 0.69388 0.80952 0.75 0.71739 0.73171 0.8 0.625 0.58824 0.66667 0.8125 0.12245 0.29592 0.34694 0.34694 0.06122 0.33673 0.30612 0.32653 0.05102 0.30612 0.30612 0.39796
"29" 0.29412 0.61765 0.70588 0.70588 0.21569 0.51961 0.65686 0.69608 0.296296296296296 0.601851851851852 0.657407407407407 0.685185185185185 0.01014 0.00563 0.00338 0.0045 0.00225 0.00338 0.00225 0.00225 0.00340136054421769 0.00340136054421769 0.00113378684807256 0.00113378684807256 101 60 49 42 95 64 47 40 98 65 52 47 0.31818 0.90698 0.90196 0.9322 1 0.825 0.90566 0.96429 1 0.68889 0.7963 0.96226 0.07692 0.42857 0.50549 0.6044 0.04396 0.36264 0.52747 0.59341 0.02198 0.34066 0.47253 0.56044
"30" 0.35294 0.47899 0.56303 0.60504 0.2605 0.46218 0.55462 0.59664 0.258620689655172 0.517241379310345 0.612068965517241 0.620689655172414 0.00689 0.00574 0.00689 0.00804 0 0.00344 0.00459 0.00459 0.0045766590389016 0.0022883295194508 0.0045766590389016 0.0034324942791762 111 92 83 84 110 84 75 82 115 78 74 60 0.44828 0.6383 0.71698 0.7551 0.7 0.72 0.78182 0.70175 0.5 0.56 0.82 0.87755 0.11607 0.26786 0.33929 0.33036 0.0625 0.32143 0.38393 0.35714 0.09821 0.25 0.36607 0.38393
"31" 0.38835 0.63107 0.66019 0.68932 0.28155 0.58252 0.61165 0.66019 0.254545454545455 0.554545454545455 0.636363636363636 0.681818181818182 0.00564 0.00451 0.00451 0.00789 0.00338 0.00564 0.00338 0.00451 0.00681818181818182 0.00681818181818182 0.00454545454545455 0.00795454545454545 90 62 55 64 95 64 58 63 106 72 66 65 0.7619 0.86667 0.91837 0.78947 0.88889 0.80851 0.875 0.75439 0.76923 0.7381 0.90698 0.83673 0.16842 0.41053 0.47368 0.47368 0.08421 0.4 0.44211 0.45263 0.10526 0.32632 0.41053 0.43158
"32" 0.3 0.53636 0.56364 0.63636 0.26364 0.45455 0.55455 0.61818 0.308333333333333 0.541666666666667 0.641666666666667 0.658333333333333 0.00341 0.01023 0.00568 0.00909 0.00114 0.00682 0.00455 0.00455 0.00459770114942529 0.00689655172413793 0.00229885057471264 0.00344827586206897 98 83 71 60 110 86 68 56 114 77 67 71 0.66667 0.66038 0.76786 0.83333 0 0.64444 0.80357 0.88889 0.42308 0.61702 0.8125 0.82759 0.13208 0.33019 0.40566 0.51887 0 0.27358 0.42453 0.5283 0.10377 0.27358 0.24528 0.45283
"33" 0.3619 0.51429 0.6381 0.61905 0.31429 0.51429 0.6 0.60952 0.323529411764706 0.53921568627451 0.666666666666667 0.696078431372549 0.00678 0.00904 0.00226 0.0113 0.00226 0.00452 0.00113 0.00791 0.00337837837837838 0.00225225225225225 0.00225225225225225 0.00337837837837838 97 82 56 64 97 75 56 63 81 68 61 61 0.66667 0.625 0.85455 0.75806 0.8 0.70213 0.86792 0.8 1 0.7619 0.91304 0.82609 0.12371 0.30928 0.48454 0.48454 0.08247 0.34021 0.47423 0.45361 0.07216 0.3299 0.43299 0.39175
"34" 0.33945 0.56881 0.65138 0.7156 0.23853 0.51376 0.6055 0.68807 0.243697478991597 0.521008403361345 0.53781512605042 0.588235294117647 0.00454 0.00568 0.00681 0.00568 0.00227 0.00341 0.00454 0.00227 0.00229621125143513 0.00459242250287026 0.0068886337543054 0.00918484500574053 93 64 54 53 97 66 58 45 113 89 86 85 0.75 0.82143 0.88889 0.9322 0.91667 0.84 0.89286 0.96774 0.77778 0.82 0.88679 0.93443 0.17647 0.45098 0.54902 0.53922 0.10784 0.41176 0.4902 0.58824 0.06863 0.40196 0.46078 0.55882
"35" 0.35714 0.63265 0.67347 0.7551 0.2551 0.56122 0.65306 0.7449 0.262295081967213 0.483606557377049 0.532786885245902 0.565573770491803 0.00673 0.00561 0.00448 0.00561 0.00336 0.00224 0.00561 0.00336 0.00345622119815668 0.00576036866359447 0.00921658986175115 0.00576036866359447 88 62 57 52 96 56 50 49 114 96 85 85 0.625 0.74074 0.91304 0.82759 1 0.90476 0.90741 0.83333 1 0.775 0.92593 0.8 0.16667 0.44444 0.46667 0.53333 0.02222 0.42222 0.54444 0.55556 0.04444 0.34444 0.55556 0.53333
"36" 0.34545 0.56364 0.6 0.68182 0.3 0.54545 0.58182 0.66364 0.295238095238095 0.533333333333333 0.638095238095238 0.666666666666667 0.00568 0.00455 0.00568 0.00114 0.00341 0.00455 0.00341 0.00227 0.00225988700564972 0.00112994350282486 0.00225988700564972 0.00564971751412429 97 66 65 55 106 72 63 51 95 73 64 64 0.62963 0.83636 0.81356 0.88136 0.77778 0.88636 0.88235 0.87879 0.81818 0.76923 0.78571 0.87719 0.16346 0.44231 0.46154 0.5 0.06731 0.375 0.43269 0.55769 0.08654 0.28846 0.42308 0.48077
"37" 0.2807 0.53509 0.5614 0.59649 0.2193 0.49123 0.54386 0.57018 0.330188679245283 0.584905660377358 0.613207547169811 0.660377358490566 0.00342 0.00457 0.00799 0.00913 0.00342 0.00342 0.00457 0.00457 0.00113122171945701 0.00339366515837104 0.00226244343891403 0.00226244343891403 108 79 81 74 110 83 82 77 100 70 62 69 0.875 0.79167 0.73585 0.82143 0.5 0.75556 0.76087 0.86364 1 0.72727 0.74 0.7 0.06364 0.34545 0.35455 0.41818 0.04545 0.30909 0.31818 0.34545 0.01818 0.29091 0.33636 0.31818
"38" 0.24074 0.46296 0.52778 0.56481 0.21296 0.40741 0.5 0.53704 0.315217391304348 0.641304347826087 0.673913043478261 0.728260869565217 0.0068 0.00794 0.00794 0.0034 0.00227 0.00227 0.00454 0.00113 0.0044543429844098 0.0044543429844098 0.0022271714922049 0.0066815144766147 103 84 76 68 102 82 76 72 92 50 43 46 0.7 0.65854 0.75 0.78261 0.8 0.82759 0.70455 0.78947 1 0.46512 0.71053 0.82051 0.07071 0.27273 0.33333 0.36364 0.0404 0.24242 0.31313 0.30303 0.05051 0.20202 0.27273 0.32323
"39" 0.28462 0.46923 0.59231 0.56154 0.23077 0.45385 0.54615 0.56154 0.290909090909091 0.518181818181818 0.590909090909091 0.645454545454546 0.00465 0.00465 0.0093 0.00581 0.00465 0.00233 0.00465 0.00465 0.00681818181818182 0.00340909090909091 0.00227272727272727 0.00340909090909091 119 87 91 90 121 90 84 88 111 71 64 60 0.46429 0.77586 0.74194 0.83673 0.42857 0.8125 0.76562 0.85417 0.36364 0.73077 0.75 0.8 0.10744 0.3719 0.38017 0.33884 0.07438 0.32231 0.40496 0.33884 0.03306 0.31405 0.32231 0.33058
"40" 0.23932 0.51282 0.5812 0.62393 0.19658 0.4359 0.54701 0.58974 0.3 0.545454545454545 0.636363636363636 0.654545454545455 0.0126 0.01145 0.00687 0.00687 0.00687 0.00687 0.00344 0.00802 0.00340909090909091 0.00340909090909091 0.00340909090909091 0.00568181818181818 116 92 87 86 112 94 81 82 107 80 70 66 0.36842 0.63462 0.6875 0.76087 0.8 0.60465 0.69231 0.75926 0.45 0.62791 0.77273 0.72727 0.06542 0.30841 0.30841 0.3271 0.07477 0.24299 0.33645 0.38318 0.08411 0.25234 0.31776 0.29907
"41" 0.28226 0.51613 0.55645 0.6129 0.23387 0.45968 0.54839 0.60484 0.210526315789474 0.56140350877193 0.640350877192982 0.719298245614035 0.00924 0.00577 0.01039 0.00808 0.00577 0.00346 0.00808 0.00577 0.00570776255707763 0.0045662100456621 0.0045662100456621 0.00228310502283105 118 87 90 86 122 88 90 80 110 71 66 59 0.44444 0.7069 0.67241 0.77193 0.57143 0.7551 0.69811 0.81356 0 0.66038 0.72 0.7931 0.10084 0.34454 0.32773 0.36975 0.03361 0.31092 0.31092 0.40336 0 0.29412 0.30252 0.38655
"42" 0.30189 0.56604 0.60377 0.65094 0.28302 0.53774 0.58491 0.64151 0.132231404958678 0.43801652892562 0.462809917355372 0.495867768595041 0.00226 0.00226 0.00566 0.00452 0 0.00339 0.00226 0.00226 0.0046029919447641 0.00920598388952819 0.0126582278481013 0.00920598388952819 98 72 75 66 96 77 69 68 125 104 102 90 1 0.7907 0.74468 0.78846 0.75 0.725 0.76 0.80435 0.75 0.75926 0.72549 0.84314 0.08081 0.34343 0.35354 0.41414 0.09091 0.29293 0.38384 0.37374 0.0303 0.41414 0.37374 0.43434
"43" 0.40196 0.63725 0.71569 0.73529 0.34314 0.55882 0.68627 0.71569 0.273504273504274 0.512820512820513 0.572649572649573 0.64957264957265 0.00788 0.00225 0.00225 0.0045 0 0.00225 0.00113 0.00225 0.00458190148911798 0.00572737686139748 0.00458190148911798 0.00458190148911798 91 60 57 52 89 67 51 44 115 82 72 68 0.5 0.75472 0.74576 0.82759 0.53846 0.76744 0.83333 0.86885 0.71429 0.67347 0.7193 0.80769 0.1978 0.43956 0.48352 0.52747 0.07692 0.36264 0.49451 0.58242 0.05495 0.36264 0.45055 0.46154
"44" 0.34906 0.57547 0.64151 0.69811 0.30189 0.53774 0.63208 0.68868 0.252336448598131 0.485981308411215 0.579439252336449 0.644859813084112 0.00679 0.00679 0.00792 0.00452 0.00339 0.00339 0.00113 0.00113 0.00339750849377123 0.0101925254813137 0.00453001132502831 0.00792751981879955 96 68 62 60 92 68 62 52 107 84 73 70 0.6 0.82 0.86441 0.83333 0.93333 0.8125 0.88235 0.87302 0.5 0.7907 0.82258 0.7931 0.14851 0.40594 0.50495 0.49505 0.13861 0.38614 0.44554 0.54455 0.07921 0.33663 0.50495 0.45545
"45" 0.36364 0.52893 0.59504 0.6281 0.28099 0.47107 0.52893 0.60331 0.29 0.61 0.65 0.67 0.0046 0.01036 0.00806 0.00806 0.00345 0.00345 0.00345 0.0046 0.00674157303370787 0.00224719101123596 0.00224719101123596 0.00561797752808989 109 92 88 81 115 96 84 79 103 51 57 53 0.42105 0.7037 0.76 0.89583 0.6 0.72222 0.7551 0.87755 0.33333 0.63265 0.82927 0.86667 0.13793 0.32759 0.32759 0.37069 0.05172 0.22414 0.31897 0.37069 0.09483 0.26724 0.2931 0.33621
"46" 0.42391 0.66304 0.75 0.79348 0.29348 0.63043 0.71739 0.76087 0.256410256410256 0.504273504273504 0.572649572649573 0.598290598290598 0.01002 0.00223 0.00223 0.00445 0.00334 0.00111 0.00223 0 0.00458190148911798 0.00343642611683849 0.00572737686139748 0.00572737686139748 86 52 48 43 90 52 48 34 112 83 78 73 0.52174 0.78431 0.73684 0.79365 0.5 0.73585 0.80392 0.90909 0.71429 0.7451 0.69388 0.85965 0.14815 0.49383 0.51852 0.61728 0.02469 0.48148 0.50617 0.61728 0.06173 0.46914 0.41975 0.60494
"47" 0.30357 0.5 0.5625 0.625 0.22321 0.46429 0.51786 0.59821 0.263636363636364 0.563636363636364 0.636363636363636 0.7 0.01367 0.00456 0.00683 0.00342 0.00569 0.00228 0.00569 0.00228 0.00340909090909091 0.00340909090909091 0.00568181818181818 0.00340909090909091 115 74 75 67 111 79 74 60 104 67 66 58 0.36 0.83673 0.75 0.84211 0.5 0.87179 0.79245 0.88525 0.33333 0.59184 0.76923 0.88462 0.08108 0.36937 0.37838 0.43243 0.05405 0.30631 0.37838 0.48649 0.02703 0.26126 0.36036 0.41441
"48" 0.34286 0.6381 0.66667 0.74286 0.25714 0.60952 0.64762 0.71429 0.271929824561404 0.447368421052632 0.543859649122807 0.570175438596491 0.00904 0.00339 0.00339 0.00339 0.00339 0.00226 0.00113 0.00113 0.0045662100456621 0.0102739726027397 0.00799086757990868 0.0125570776255708 90 65 62 50 94 62 55 51 115 95 86 88 0.66667 0.75 0.78182 0.82353 0.57895 0.75862 0.83929 0.8254 0.375 0.73214 0.7931 0.7619 0.21277 0.44681 0.45745 0.59574 0.11702 0.46809 0.5 0.55319 0.09574 0.43617 0.48936 0.51064
"49" 0.33333 0.57018 0.64035 0.66667 0.2807 0.55263 0.60526 0.64912 0.19047619047619 0.468253968253968 0.5 0.571428571428571 0.00571 0.00342 0.00342 0.00342 0.00228 0.00228 0.00114 0.00457 0.00925925925925926 0.00347222222222222 0.00694444444444444 0.00462962962962963 108 64 57 59 102 66 53 65 131 93 86 77 0.5 0.83051 0.92727 0.92593 0.72727 0.80702 1 0.88235 0.47826 0.72222 0.88333 0.90909 0.07843 0.48039 0.5 0.4902 0.07843 0.45098 0.5098 0.44118 0.10784 0.38235 0.51961 0.4902
"50" 0.31304 0.46957 0.53913 0.6 0.22609 0.3913 0.48696 0.55652 0.276422764227642 0.479674796747967 0.544715447154472 0.626016260162602 0.01029 0.00571 0.00571 0.00686 0.00457 0.00571 0.00686 0.00686 0.00346020761245675 0.00922722029988466 0.0069204152249135 0.0069204152249135 108 83 84 76 113 96 89 80 117 88 79 76 0.5 0.8 0.66667 0.76271 1 0.59459 0.77143 0.8125 0.25 0.71739 0.66667 0.81132 0.13889 0.2963 0.31481 0.41667 0.01852 0.2037 0.25 0.36111 0.00926 0.30556 0.33333 0.39815
"51" 0.328 0.56 0.584 0.584 0.232 0.48 0.52 0.544 0.256637168141593 0.548672566371681 0.63716814159292 0.654867256637168 0.00462 0.00578 0.00694 0.00809 0.00231 0.00462 0.00462 0.00694 0.00456100342075257 0.00456100342075257 0.00228050171037628 0.00456100342075257 111 83 85 87 117 89 87 88 116 72 62 59 0.60714 0.80357 0.7931 0.80769 0.9 0.73585 0.80392 0.82 0.71429 0.66071 0.8 0.70213 0.13934 0.36885 0.37705 0.34426 0.07377 0.31967 0.33607 0.33607 0.04098 0.30328 0.39344 0.27049
"52" 0.31356 0.51695 0.60169 0.60169 0.22034 0.4661 0.5678 0.59322 0.216216216216216 0.531531531531532 0.576576576576577 0.720720720720721 0.00803 0.00459 0.00459 0.00803 0.00344 0.00115 0.00115 0.00459 0.00455062571103527 0.00796359499431172 0.00113765642775882 0.00113765642775882 110 84 77 78 113 76 71 76 113 75 70 52 0.46154 0.77273 0.85714 0.78947 1 0.92105 0.81481 0.77193 0.55 0.72727 0.74 0.80357 0.11009 0.31193 0.38532 0.41284 0.02752 0.3211 0.40367 0.40367 0.10092 0.29358 0.33945 0.41284
"53" 0.29661 0.5678 0.58475 0.61864 0.24576 0.51695 0.55932 0.61017 0.330188679245283 0.575471698113208 0.669811320754717 0.707547169811321 0.01032 0.00688 0.00803 0.01032 0.00459 0.00344 0.00573 0.00688 0.00452488687782805 0.00339366515837104 0.00565610859728507 0.00452488687782805 110 89 80 84 108 82 80 81 99 69 64 61 0.5 0.69388 0.80769 0.78 0.48 0.76744 0.82222 0.75 0.6 0.58333 0.74468 0.8125 0.12727 0.30909 0.38182 0.35455 0.10909 0.3 0.33636 0.35455 0.02727 0.25455 0.31818 0.35455
"54" 0.35398 0.54867 0.61062 0.66372 0.28319 0.51327 0.56637 0.64602 0.218181818181818 0.454545454545455 0.563636363636364 0.618181818181818 0.00798 0.0057 0.00342 0.00228 0.00342 0.00342 0.00228 0.00114 0.00568181818181818 0.00340909090909091 0.00568181818181818 0.00681818181818182 103 77 67 61 106 80 67 61 111 82 66 62 0.44118 0.79545 0.85185 0.83333 0.35 0.90625 0.84906 0.87037 1 0.67347 0.76 0.88462 0.14423 0.33654 0.44231 0.48077 0.06731 0.27885 0.43269 0.45192 0.01923 0.31731 0.36538 0.44231
"55" 0.34454 0.56303 0.62185 0.67227 0.28571 0.52101 0.61345 0.65546 0.234234234234234 0.585585585585586 0.594594594594595 0.693693693693694 0.00804 0.00459 0.00459 0.00574 0.0023 0.00459 0.00344 0.00344 0.00455062571103527 0.00568828213879408 0.00227531285551763 0.00455062571103527 104 80 79 67 106 82 68 59 109 76 67 61 0.7 0.82 0.83673 0.89831 0.85714 0.8125 0.91071 0.90769 0.36842 0.77778 0.7193 0.91071 0.18261 0.35652 0.35652 0.46087 0.10435 0.33913 0.44348 0.51304 0.06087 0.30435 0.35652 0.44348
"56" 0.42105 0.58947 0.64211 0.65263 0.30526 0.56842 0.64211 0.66316 0.304347826086957 0.630434782608696 0.706521739130435 0.728260869565217 0.00447 0.00447 0.00559 0.01117 0.00335 0.00112 0.00223 0.00335 0.0022271714922049 0.0022271714922049 0.0044543429844098 0.0022271714922049 73 56 54 58 80 55 52 50 86 55 48 46 0.81818 0.81633 0.83673 0.88636 0.85714 0.82609 0.86957 0.88889 0.625 0.69565 0.83333 0.87234 0.21429 0.47619 0.4881 0.46429 0.14286 0.45238 0.47619 0.47619 0.05952 0.38095 0.47619 0.4881
"57" 0.34286 0.6 0.67619 0.72381 0.26667 0.57143 0.64762 0.69524 0.28125 0.645833333333333 0.6875 0.75 0.00791 0.00339 0.00452 0.00113 0.00226 0.00226 0.00113 0 0.00447427293064877 0.00335570469798658 0.00559284116331096 0.00559284116331096 103 68 61 52 97 65 60 53 91 58 61 48 0.52941 0.92683 0.85455 0.96296 0.69231 0.85417 0.9 0.92593 0.66667 0.78723 0.75862 0.92982 0.08824 0.37255 0.46078 0.5098 0.08824 0.40196 0.44118 0.4902 0.11765 0.36275 0.43137 0.51961
"58" 0.28205 0.57265 0.65812 0.64957 0.22222 0.54701 0.63248 0.64957 0.31 0.58 0.74 0.79 0.00344 0.00458 0.00573 0.00687 0.00229 0.00229 0.00458 0.00229 0.00674157303370787 0.00224719101123596 0.00112359550561798 0.00112359550561798 107 68 71 60 113 72 71 58 100 61 53 33 0.55556 0.91837 0.81356 0.88525 0.5 0.81132 0.81034 0.875 0.4 0.8 0.77778 0.81356 0.09615 0.43269 0.46154 0.51923 0.01923 0.41346 0.45192 0.53846 0.01923 0.38462 0.47115 0.46154
"59" 0.20611 0.38931 0.45802 0.48855 0.16031 0.35115 0.41221 0.44275 0.213114754098361 0.442622950819672 0.549180327868853 0.573770491803279 0.00466 0.01048 0.01048 0.01513 0.00466 0.00466 0.00815 0.01048 0.00460829493087558 0.00691244239631336 0.00576036866359447 0.00691244239631336 130 113 106 107 133 112 106 108 122 89 86 88 0.41667 0.54545 0.63265 0.67925 NA 0.66667 0.62222 0.725 NA 0.54167 0.62069 0.62963 0.04 0.192 0.248 0.288 0 0.144 0.224 0.232 0 0.208 0.288 0.272
"60" 0.33945 0.57798 0.62385 0.6789 0.24771 0.50459 0.6055 0.65138 0.234375 0.46875 0.4921875 0.5390625 0.00681 0.00681 0.00795 0.00341 0.00114 0.00341 0.00114 0.00227 0.00232018561484919 0.00696055684454756 0.0116009280742459 0.0127610208816705 102 66 65 61 104 69 65 52 118 108 104 106 0.61538 0.88 0.82143 0.88462 1 0.86667 0.85106 0.89831 1 0.875 0.87037 0.83019 0.07767 0.42718 0.4466 0.4466 0.01942 0.37864 0.38835 0.51456 0.03883 0.40777 0.45631 0.42718
"61" 0.26786 0.48214 0.51786 0.58929 0.22321 0.41071 0.51786 0.5625 0.310679611650485 0.533980582524272 0.572815533980582 0.660194174757282 0.01367 0.00569 0.00683 0.00911 0.00797 0.00342 0.00683 0.00569 0.00225479143179256 0.00450958286358512 0.0056369785794814 0.0056369785794814 110 83 78 71 114 83 73 68 96 65 66 59 0.42424 0.74419 0.88372 0.7931 0.5 0.81081 0.91304 0.81818 0.5 0.55556 0.80435 0.75439 0.13208 0.30189 0.35849 0.43396 0.03774 0.28302 0.39623 0.42453 0.0566 0.23585 0.34906 0.40566
"62" 0.27068 0.52632 0.56391 0.6391 0.21805 0.48872 0.52632 0.62406 0.36 0.64 0.72 0.76 0.007 0.00233 0.00817 0.00583 0.00467 0.00233 0.00467 0.00233 0.00337078651685393 0 0.00112359550561798 0.00224719101123596 123 84 89 74 128 86 86 73 86 55 48 41 0.65 0.81356 0.81356 0.89552 0.85714 0.86792 0.88889 0.8806 0.58333 0.79245 0.81818 0.88889 0.10156 0.375 0.375 0.46875 0.04688 0.35938 0.375 0.46094 0.05469 0.32812 0.35156 0.5
"63" 0.40404 0.67677 0.71717 0.77778 0.30303 0.62626 0.69697 0.74747 0.26271186440678 0.516949152542373 0.542372881355932 0.644067796610169 0.00898 0.00561 0.00449 0.00337 0 0.00112 0.00112 0.00224 0.00458715596330275 0.00458715596330275 0.00458715596330275 0.00114678899082569 86 61 54 41 85 59 52 44 115 82 84 73 0.67857 0.80392 0.80702 0.9322 0.92308 0.88372 0.83019 0.96296 0.68182 0.77778 0.75926 0.86538 0.21111 0.45556 0.51111 0.61111 0.13333 0.42222 0.48889 0.57778 0.16667 0.46667 0.45556 0.5
"64" 0.45882 0.75294 0.76471 0.81176 0.4 0.68235 0.76471 0.81176 0.284313725490196 0.617647058823529 0.666666666666667 0.705882352941177 0.00442 0.0011 0.00552 0.00221 0.00331 0.0011 0.00331 0.0011 0.00112612612612613 0.00563063063063063 0.00337837837837838 0.00225225225225225 71 32 34 30 76 36 35 29 97 68 54 50 0.77778 0.87931 0.92593 0.92857 0.81818 0.97826 0.91071 0.94545 0.67857 0.76923 0.83333 0.91667 0.18182 0.66234 0.64935 0.67532 0.11688 0.58442 0.66234 0.67532 0.24675 0.51948 0.64935 0.71429
"65" 0.33962 0.53774 0.61321 0.65094 0.31132 0.50943 0.58491 0.63208 0.304761904761905 0.59047619047619 0.628571428571429 0.733333333333333 0.00679 0.00679 0.00452 0.00679 0.00339 0.00566 0.00226 0.00339 0.00338983050847458 0.00338983050847458 0.00338983050847458 0.00225988700564972 99 69 68 59 100 71 67 54 103 56 53 49 0.5625 0.84783 0.78431 0.87037 0.83333 0.81395 0.79592 0.90741 0.75 0.87805 0.81481 0.80357 0.09278 0.40206 0.41237 0.48454 0.05155 0.36082 0.40206 0.50515 0.06186 0.37113 0.45361 0.46392
"66" 0.28947 0.47368 0.63158 0.63158 0.24561 0.41228 0.57895 0.60526 0.333333333333333 0.607843137254902 0.705882352941177 0.784313725490196 0.00913 0.00799 0.00342 0.00342 0.00571 0.00571 0.00457 0.00571 0.00337837837837838 0.00563063063063063 0.00337837837837838 0.00225225225225225 112 82 67 69 113 99 75 72 90 64 51 41 0.29167 0.73333 0.80357 0.86 0.6 0.65217 0.8125 0.8913 0.45455 0.46667 0.65957 0.77778 0.06731 0.31731 0.43269 0.41346 0.02885 0.14423 0.375 0.39423 0.04808 0.20192 0.29808 0.33654
"67" 0.30303 0.50505 0.58586 0.59596 0.24242 0.44444 0.55556 0.56566 0.298387096774194 0.532258064516129 0.645161290322581 0.685483870967742 0.00673 0.00786 0.00337 0.00561 0.00112 0.00449 0.00112 0.00224 0.0023094688221709 0.00346420323325635 0.00577367205542725 0.00577367205542725 96 73 57 61 93 85 54 62 117 82 71 73 0.42857 0.70732 0.93182 0.82 0.71429 0.55556 0.84615 0.81818 0.55 0.65 0.83673 0.82609 0.09574 0.30851 0.43617 0.43617 0.05319 0.15957 0.46809 0.38298 0.11702 0.2766 0.43617 0.40426
"68" 0.34259 0.49074 0.62963 0.65741 0.25 0.46296 0.58333 0.60185 0.307692307692308 0.538461538461538 0.564102564102564 0.623931623931624 0.00567 0.00907 0.00907 0.0068 0.00227 0.00567 0.00567 0.00454 0.00458190148911798 0.00229095074455899 0.00572737686139748 0.00916380297823597 94 86 78 67 101 89 82 64 113 80 79 75 0.6 0.66667 0.75556 0.75439 0.66667 0.61111 0.63043 0.80357 0.6 0.60976 0.47826 0.78431 0.18 0.28 0.34 0.43 0.08 0.22 0.29 0.45 0.03 0.25 0.22 0.4
"69" 0.33065 0.53226 0.54839 0.55645 0.26613 0.45968 0.52419 0.54839 0.274336283185841 0.513274336283186 0.566371681415929 0.601769911504425 0.00462 0.00693 0.00462 0.00924 0.00462 0.00577 0.00577 0.00808 0.00570125427594071 0.00456100342075257 0.00228050171037628 0.00342075256556442 105 83 85 86 114 85 84 85 113 79 65 68 0.77778 0.81818 0.83673 0.78182 0.55 0.78182 0.93182 0.78947 0.52 0.81356 0.75439 0.83673 0.18103 0.38793 0.35345 0.37069 0.09483 0.37069 0.35345 0.38793 0.11207 0.41379 0.37069 0.35345
"70" 0.25806 0.45968 0.54839 0.57258 0.20161 0.43548 0.48387 0.54032 0.254098360655738 0.557377049180328 0.598360655737705 0.614754098360656 0.00693 0.00693 0.00808 0.01039 0.00577 0.00577 0.00577 0.00693 0.00576036866359447 0.00345622119815668 0.00460829493087558 0.00230414746543779 120 97 87 80 122 97 86 78 118 82 74 67 0.42857 0.64444 0.73684 0.75362 0.5 0.76316 0.86364 0.87273 0 0.58824 0.75 0.78333 0.08036 0.25893 0.375 0.46429 0.05357 0.25893 0.33929 0.42857 0 0.26786 0.32143 0.41964
"71" 0.32143 0.45536 0.54464 0.55357 0.22321 0.41964 0.48214 0.54464 0.292929292929293 0.606060606060606 0.727272727272727 0.727272727272727 0.00797 0.00569 0.00797 0.00569 0.00456 0.00342 0.00456 0.00569 0.00336700336700337 0.00112233445566779 0.00224466891133558 0.00561167227833894 100 88 79 73 107 84 81 71 94 58 50 47 0.58621 0.65789 0.72917 0.7069 0.58333 0.73684 0.78947 0.77778 0.4 0.6 0.62963 0.80851 0.15888 0.23364 0.3271 0.38318 0.06542 0.26168 0.28037 0.39252 0.01869 0.25234 0.31776 0.35514
"72" 0.288 0.472 0.568 0.584 0.232 0.456 0.56 0.592 0.227642276422764 0.471544715447154 0.560975609756098 0.577235772357724 0.00462 0.0104 0.00347 0.00578 0.00347 0.00578 0.00116 0.00462 0.00346020761245675 0.00576701268742791 0.00346020761245675 0.0069204152249135 112 98 81 83 119 93 83 80 122 100 85 86 0.625 0.61017 0.80357 0.84615 0.44444 0.68519 0.82 0.85455 0.4 0.66038 0.67308 0.81481 0.12397 0.29752 0.3719 0.36364 0.06612 0.30579 0.33884 0.38843 0.04959 0.28926 0.28926 0.36364
"73" 0.30435 0.53043 0.5913 0.61739 0.23478 0.48696 0.55652 0.6 0.236842105263158 0.526315789473684 0.552631578947368 0.614035087719298 0.01029 0.008 0.01029 0.008 0.008 0.00457 0.00571 0.00457 0.00228310502283105 0.00570776255707763 0.0045662100456621 0.00799086757990868 109 83 75 72 113 83 75 69 109 77 76 76 0.52 0.72917 0.77778 0.81132 0.63636 0.79487 0.8 0.89583 0.8 0.69231 0.71698 0.80435 0.12621 0.33981 0.40777 0.41748 0.06796 0.30097 0.38835 0.41748 0.03883 0.34951 0.36893 0.35922
"74" 0.37079 0.60674 0.66292 0.77528 0.29213 0.57303 0.62921 0.75281 0.25 0.459677419354839 0.491935483870968 0.508064516129032 0.00555 0.00444 0.00555 0.00222 0.00333 0.00222 0.00222 0.00111 0.00346420323325635 0.0069284064665127 0.0069284064665127 0.0069284064665127 83 55 55 42 82 51 48 44 123 92 86 89 0.53333 0.73333 0.76 0.89583 0.75 0.88889 0.84783 0.84 0.7 0.61364 0.75926 0.89796 0.10256 0.42308 0.48718 0.55128 0.07692 0.41026 0.5 0.53846 0.08974 0.34615 0.52564 0.5641
"75" 0.28244 0.44275 0.48092 0.52672 0.22137 0.40458 0.47328 0.53435 0.213675213675214 0.444444444444444 0.47008547008547 0.547008547008547 0.01281 0.00698 0.01397 0.01513 0.00466 0.00466 0.00582 0.01048 0.00343642611683849 0.00916380297823597 0.00572737686139748 0.00687285223367698 130 104 107 99 120 102 98 90 113 93 80 77 0.5 0.65957 0.66 0.76364 0.7 0.65957 0.69091 0.86538 1 0.66071 0.70213 0.7963 0.096 0.248 0.264 0.336 0.112 0.248 0.304 0.36 0.016 0.296 0.264 0.344
"76" 0.19118 0.38235 0.41176 0.42647 0.13235 0.33824 0.39706 0.43382 0.287128712871287 0.554455445544555 0.693069306930693 0.693069306930693 0.00703 0.01405 0.01171 0.01171 0.00234 0.00468 0.00468 0.00468 0.00337457817772778 0.00449943757030371 0.00449943757030371 0.00337457817772778 129 117 116 115 133 114 113 109 96 64 46 45 0.6 0.58333 0.6 0.63043 0.75 0.69697 0.57143 0.63636 NA 0.7 0.62162 0.54 0.07087 0.22047 0.18898 0.22835 0.02362 0.1811 0.18898 0.22047 0 0.22047 0.1811 0.2126
"77" 0.34188 0.52991 0.64103 0.68376 0.2735 0.49573 0.5641 0.64103 0.258620689655172 0.474137931034483 0.560344827586207 0.603448275862069 0.00458 0.01145 0.00458 0.00344 0.00458 0.00573 0.00229 0.00344 0.0045766590389016 0.005720823798627 0.0091533180778032 0.0068649885583524 102 90 64 66 109 82 80 71 115 87 83 79 0.66667 0.69388 0.8871 0.86885 0.5 0.78723 0.90244 0.78333 0.5 0.69388 0.7963 0.88333 0.15789 0.29825 0.48246 0.46491 0.09649 0.32456 0.32456 0.41228 0.00877 0.29825 0.37719 0.46491
"78" 0.25439 0.44737 0.52632 0.53509 0.24561 0.40351 0.48246 0.50877 0.25 0.510869565217391 0.684782608695652 0.673913043478261 0.00571 0.00799 0.01027 0.0137 0 0.00457 0.00799 0.01256 0.0066815144766147 0.0044543429844098 0.0044543429844098 0.0022271714922049 109 84 85 88 104 87 86 86 95 62 49 52 1 0.64706 0.66667 0.68627 1 0.65854 0.64 0.67273 0.45833 0.58537 0.78846 0.63793 0.05714 0.31429 0.32381 0.33333 0.04762 0.25714 0.30476 0.35238 0.10476 0.22857 0.39048 0.35238
"79" 0.27419 0.45161 0.49194 0.54839 0.20968 0.40323 0.48387 0.51613 0.213114754098361 0.467213114754098 0.549180327868853 0.549180327868853 0.00924 0.00693 0.00462 0.00462 0.00462 0.00462 0.00577 0.00462 0.00115207373271889 0.0115207373271889 0.00460829493087558 0.00691244239631336 122 103 89 86 123 102 91 88 118 99 81 80 0.4 0.54167 0.7451 0.66667 0.5 0.63415 0.69811 0.68519 0.6 0.70732 0.63793 0.61111 0.0678 0.22034 0.32203 0.33898 0.01695 0.22034 0.31356 0.31356 0.02542 0.24576 0.31356 0.27966
"80" 0.33028 0.59633 0.6789 0.73394 0.25688 0.55963 0.65138 0.70642 0.236842105263158 0.56140350877193 0.605263157894737 0.675438596491228 0.00568 0.00454 0.00341 0.00568 0.00341 0.00114 0.00114 0.00227 0.00570776255707763 0.00684931506849315 0.00228310502283105 0.00342465753424658 98 73 64 64 97 67 59 56 114 76 71 67 0.6 0.78 0.81034 0.83636 0.86667 0.87234 0.87273 0.88333 1 0.83721 0.74 0.88679 0.14563 0.37864 0.45631 0.4466 0.12621 0.39806 0.46602 0.51456 0.03883 0.34951 0.35922 0.45631
"81" 0.34513 0.59292 0.61947 0.67257 0.26549 0.51327 0.58407 0.66372 0.272727272727273 0.553719008264463 0.611570247933884 0.669421487603306 0.0057 0.00114 0.00684 0.00342 0.00342 0.00228 0.00456 0.00228 0.00230149597238205 0.00345224395857307 0.00345224395857307 0.00230149597238205 100 63 63 64 101 73 60 57 118 74 67 72 0.65217 0.87273 0.86885 0.87719 0.70588 0.78 0.91379 0.94737 0.63158 0.92 0.80702 0.85965 0.14019 0.4486 0.49533 0.46729 0.11215 0.36449 0.49533 0.50467 0.11215 0.42991 0.42991 0.45794
"82" 0.39785 0.67742 0.73118 0.72043 0.30108 0.62366 0.69892 0.72043 0.289256198347107 0.454545454545455 0.545454545454545 0.56198347107438 0.00669 0.00557 0.00111 0.00446 0.00223 0.00111 0 0 0.00345224395857307 0.0046029919447641 0.0046029919447641 0.00575373993095512 87 57 47 55 87 57 45 48 113 98 85 87 0.58824 0.86364 0.86275 0.95122 0.75 0.83333 0.91667 1 0.36364 0.78571 0.82609 0.86047 0.11236 0.42697 0.49438 0.4382 0.06742 0.39326 0.49438 0.46067 0.04494 0.37079 0.42697 0.41573
"83" 0.31068 0.5534 0.63107 0.67961 0.30097 0.53398 0.58252 0.65049 0.292035398230089 0.530973451327434 0.566371681415929 0.672566371681416 0.00676 0.00676 0.00451 0.00451 0.00338 0.00451 0.00225 0.00113 0.00456100342075257 0.00456100342075257 0.00570125427594071 0.00342075256556442 98 70 65 52 95 69 61 54 110 71 63 52 0.57143 0.71698 0.80435 0.92453 0.61538 0.72549 0.82353 0.91667 1 0.67308 0.92105 0.84483 0.08511 0.40426 0.39362 0.52128 0.08511 0.39362 0.44681 0.46809 0.06383 0.37234 0.37234 0.52128
"84" 0.36697 0.56881 0.6422 0.69725 0.29358 0.53211 0.59633 0.65138 0.323232323232323 0.545454545454545 0.626262626262626 0.696969696969697 0.00454 0.00568 0.00681 0.00681 0.00114 0.00114 0.00114 0.00341 0.00224466891133558 0.00336700336700337 0.00112233445566779 0.00336700336700337 92 71 68 68 100 61 61 58 88 70 54 46 0.60606 0.86667 0.78571 0.78571 1 0.89796 0.84906 0.92593 0.5 0.73469 0.82692 0.86538 0.19608 0.38235 0.43137 0.43137 0.07843 0.43137 0.44118 0.4902 0.14706 0.35294 0.42157 0.44118
"85" 0.31532 0.59459 0.65766 0.68468 0.23423 0.55856 0.62162 0.65766 0.192307692307692 0.446153846153846 0.461538461538462 0.523076923076923 0.00796 0.00569 0.00569 0.00569 0.00114 0.00455 0.00683 0.00455 0.00348837209302326 0.00813953488372093 0.00697674418604651 0.00697674418604651 99 69 74 73 100 73 71 65 127 108 91 91 0.80952 0.7931 0.8125 0.77358 0.83333 0.77358 0.83019 0.8 1 0.75 0.76087 0.89362 0.15888 0.42991 0.36449 0.38318 0.09346 0.38318 0.41121 0.4486 0.01869 0.39252 0.3271 0.39252
"86" 0.30556 0.56481 0.67593 0.71296 0.26852 0.52778 0.63889 0.68519 0.297872340425532 0.595744680851064 0.648936170212766 0.691489361702128 0.0102 0.01134 0.0068 0.00454 0.00454 0.0068 0.00113 0.0034 0.00446428571428571 0.0078125 0.00669642857142857 0.00558035714285714 106 76 65 67 107 73 58 56 86 59 59 47 0.6 0.81633 0.85714 0.89583 0.5 0.76471 0.98 0.94545 0.6 0.70732 0.85714 0.88 0.08571 0.38095 0.45714 0.40952 0.02857 0.37143 0.46667 0.49524 0.05714 0.27619 0.4 0.41905
"87" 0.3945 0.53211 0.6055 0.59633 0.29358 0.46789 0.55963 0.57798 0.259541984732824 0.50381679389313 0.564885496183206 0.572519083969466 0.00454 0.00568 0.00227 0.00795 0.00454 0.00341 0.00114 0.00568 0.00349243306169965 0.00232828870779977 0.00232828870779977 0.00349243306169965 89 83 69 82 101 87 72 72 127 97 90 94 0.68571 0.73171 0.90698 0.74419 0.625 0.70588 0.8 0.81633 0.5 0.64 0.69231 0.8 0.22857 0.28571 0.37143 0.30476 0.09524 0.22857 0.34286 0.38095 0.15238 0.30476 0.34286 0.38095
"88" 0.33071 0.47244 0.55118 0.56693 0.26772 0.43307 0.52756 0.55118 0.147887323943662 0.387323943661972 0.429577464788732 0.471830985915493 0.01275 0.00695 0.00811 0.00348 0.00348 0.00348 0.00463 0.00232 0.00825471698113208 0.0106132075471698 0.00589622641509434 0.00707547169811321 116 93 94 85 117 94 87 78 144 121 110 106 0.51282 0.76471 0.69811 0.77358 0.8 0.81579 0.7069 0.81034 0.54545 0.71698 0.77551 0.81132 0.16667 0.325 0.30833 0.34167 0.06667 0.25833 0.34167 0.39167 0.05 0.31667 0.31667 0.35833
"89" 0.38739 0.6036 0.65766 0.72072 0.27027 0.56757 0.63964 0.69369 0.25 0.553571428571429 0.678571428571429 0.767857142857143 0.00455 0.01024 0.00341 0.00683 0.00228 0.00569 0.00228 0.00341 0.00569476082004556 0.00455580865603645 0.00683371298405467 0.00227790432801822 88 71 53 60 96 72 51 49 112 77 61 44 0.74286 0.83333 0.92063 0.96296 0.65217 0.85417 0.96667 0.98361 0.72727 0.86538 0.94643 0.98182 0.25 0.43269 0.55769 0.5 0.14423 0.39423 0.55769 0.57692 0.15385 0.43269 0.50962 0.51923
"90" 0.32075 0.56604 0.63208 0.66038 0.28302 0.51887 0.61321 0.64151 0.232758620689655 0.5 0.594827586206897 0.612068965517241 0.01131 0.00679 0.00452 0.00792 0.00226 0.00452 0.00452 0.00566 0.0011441647597254 0.0045766590389016 0.0034324942791762 0.0034324942791762 105 74 64 63 93 71 61 57 115 88 84 78 0.5 0.64912 0.77778 0.78689 0.75 0.80952 0.84906 0.84746 1 0.67568 0.76 0.75806 0.09091 0.37374 0.42424 0.48485 0.12121 0.34343 0.45455 0.50505 0.08081 0.25253 0.38384 0.47475
"91" 0.34286 0.65714 0.65714 0.71429 0.22857 0.61905 0.62857 0.69524 0.238095238095238 0.428571428571429 0.523809523809524 0.547619047619048 0.00791 0.00226 0.00226 0.00339 0.00339 0.00226 0.00113 0.00226 0.00578703703703704 0.0104166666666667 0.00578703703703704 0.0104166666666667 96 56 53 47 95 59 53 44 121 101 83 86 0.55556 0.81356 0.90385 0.9 0.90909 0.875 0.9375 0.94828 0.84615 0.86275 0.92857 0.91071 0.15789 0.50526 0.49474 0.56842 0.10526 0.44211 0.47368 0.57895 0.11579 0.46316 0.41053 0.53684
"92" 0.31579 0.52632 0.59649 0.64035 0.29825 0.5 0.55263 0.60526 0.252100840336134 0.470588235294118 0.529411764705882 0.546218487394958 0.00342 0.00685 0.00571 0.00342 0 0.00342 0.00457 0.00457 0.0034443168771527 0.00114810562571757 0.0034443168771527 0.0034443168771527 98 89 75 67 101 82 83 72 119 82 73 79 0.84211 0.71795 0.93182 0.92 0.66667 0.8 0.86486 0.87755 1 0.79487 0.78723 0.88235 0.14815 0.25926 0.37963 0.42593 0.09259 0.2963 0.2963 0.39815 0.03704 0.28704 0.34259 0.41667
"93" 0.28205 0.54701 0.58974 0.61538 0.24786 0.50427 0.57265 0.5812 0.285714285714286 0.542857142857143 0.657142857142857 0.685714285714286 0.00802 0.00458 0.00229 0.00344 0.00458 0.00344 0 0.00115 0.00338983050847458 0.00677966101694915 0.00451977401129944 0.00677966101694915 112 73 68 67 109 67 65 75 97 67 55 55 0.53333 0.81481 0.87273 0.92453 0.88889 0.94231 0.94118 0.95122 0.64286 0.87234 0.81481 0.93023 0.07143 0.39286 0.42857 0.4375 0.07143 0.4375 0.42857 0.34821 0.08036 0.36607 0.39286 0.35714
"94" 0.36 0.6 0.62 0.68 0.29 0.55 0.59 0.65 0.219298245614035 0.5 0.56140350877193 0.649122807017544 0.00899 0.00449 0.00225 0.00337 0.00449 0.00225 0.00337 0.00112 0.00228310502283105 0.00114155251141553 0.00684931506849315 0.00342465753424658 93 67 58 53 95 64 61 53 114 82 69 64 0.5 0.72917 0.77358 0.82692 0.5 0.76744 0.70175 0.8913 0.35 0.69565 0.7907 0.80392 0.1413 0.38043 0.44565 0.46739 0.06522 0.3587 0.43478 0.44565 0.07609 0.34783 0.36957 0.44565
"95" 0.27679 0.5625 0.60714 0.64286 0.21429 0.51786 0.59821 0.64286 0.226890756302521 0.529411764705882 0.605042016806723 0.630252100840336 0.00456 0.00456 0.00342 0.00569 0.00342 0.00114 0.00114 0.00456 0.0034443168771527 0.0068886337543054 0.00574052812858783 0.00229621125143513 105 71 62 64 111 74 60 60 111 84 73 70 0.66667 0.87755 0.92593 0.87719 0.75 0.90244 0.9434 0.89831 NA 0.84314 0.88235 0.84211 0.09174 0.3945 0.45872 0.45872 0.02752 0.33945 0.45872 0.48624 0 0.3945 0.41284 0.44037
"96" 0.27434 0.55752 0.60177 0.61947 0.23894 0.49558 0.56637 0.58407 0.362745098039216 0.558823529411765 0.637254901960784 0.696078431372549 0.0057 0.00342 0.00228 0.0057 0.00456 0.00114 0 0.00228 0.0045045045045045 0.00225225225225225 0.00337837837837838 0.00112612612612613 109 87 75 79 110 81 70 74 92 68 63 56 0.66667 0.71053 0.71698 0.89189 0.66667 0.90323 0.72727 0.8125 0 0.72917 0.70909 0.75 0.05714 0.25714 0.3619 0.31429 0.0381 0.26667 0.38095 0.37143 0 0.33333 0.37143 0.4
"97" 0.30645 0.5 0.57258 0.6129 0.24194 0.45968 0.55645 0.60484 0.198275862068966 0.517241379310345 0.551724137931034 0.612068965517241 0.00577 0.00693 0.00924 0.00808 0.00231 0.00577 0.00577 0.00577 0.0045766590389016 0.0022883295194508 0.005720823798627 0.0045766590389016 110 91 88 91 117 89 76 87 116 75 76 75 0.68 0.71698 0.75439 0.76 0.72727 0.7451 0.92593 0.83673 0.66667 0.73469 0.73585 0.82609 0.14167 0.31667 0.35833 0.31667 0.06667 0.31667 0.41667 0.34167 0.08333 0.3 0.325 0.31667
"98" 0.33333 0.60163 0.63415 0.69106 0.25203 0.56911 0.61789 0.69106 0.282828282828283 0.626262626262626 0.626262626262626 0.717171717171717 0.00461 0.00692 0.00577 0.00231 0.00461 0.00115 0.00461 0.00231 0.00224466891133558 0.00336700336700337 0.00897867564534231 0.00336700336700337 109 91 72 75 120 84 72 63 91 55 61 50 0.6 0.64912 0.85484 0.87037 0.75 0.78 0.83871 0.95 0.4878 0.67925 0.76562 0.89831 0.12821 0.31624 0.45299 0.40171 0.02564 0.33333 0.44444 0.48718 0.17094 0.30769 0.4188 0.45299
"99" 0.31746 0.43651 0.46825 0.5 0.20635 0.35714 0.46032 0.5 0.27027027027027 0.54954954954955 0.621621621621622 0.666666666666667 0.01389 0.00579 0.00926 0.01042 0.00694 0.00579 0.0081 0.00694 0.00796359499431172 0.00341296928327645 0.00796359499431172 0.0068259385665529 123 102 102 98 129 108 101 93 103 74 61 63 0.35294 0.64103 0.57407 0.63462 NA 0.6129 0.62 0.67925 0 0.61538 0.58491 0.67273 0.09917 0.20661 0.2562 0.27273 0 0.15702 0.2562 0.29752 0 0.19835 0.2562 0.30579
"100" 0.26471 0.55882 0.61765 0.68627 0.21569 0.53922 0.59804 0.65686 0.298245614035088 0.429824561403509 0.552631578947368 0.62280701754386 0.00338 0.00225 0.0045 0.00676 0.0045 0.00225 0.00338 0.0045 0.0045662100456621 0.0045662100456621 0.0045662100456621 0.00114155251141553 92 52 54 52 94 56 52 47 102 92 74 65 1 0.92157 0.88889 0.88333 0.55556 0.91489 0.89286 0.91667 0.72727 0.91667 0.94545 0.86792 0.1134 0.48454 0.49485 0.54639 0.10309 0.4433 0.51546 0.56701 0.08247 0.45361 0.53608 0.47423
