"V1" "V2" "V3" "V4" "V5" "V6" "V7" "V8" "V9" "V10" "V11" "V12" "V13" "V14" "V15" "V16" "V17" "V18" "V19" "V20" "V21" "V22" "V23" "V24" "V25" "V26" "V27" "V28" "V29" "V30" "V31" "V32" "V33" "V34" "V35" "V36" "V37" "V38" "V39" "V40" "V41" "V42" "V43" "V44" "V45" "V46" "V47" "V48" "V49" "V50" "V51" "V52" "V53" "V54" "V55" "V56" "V57" "V58" "V59" "V60"
"1" 0.2619 0.45238 0.54762 0.52381 0.19048 0.45238 0.5 0.5 0.3 0.475 0.45 0.525 0.03175 0 0 0.03175 0 0 0.01587 0.01587 0 0.0153846153846154 0.0153846153846154 0.0307692307692308 40 30 25 35 40 30 32 35 39 32 32 34 0.8 0.75 0.80952 0.3913 0.66667 0.75 0.52381 0.42105 NA 0.8 0.47059 0.52941 0.10256 0.30769 0.4359 0.23077 0.05128 0.30769 0.28205 0.20513 0 0.30769 0.20513 0.23077
"2" 0.23684 0.47368 0.52632 0.55263 0.13158 0.44737 0.47368 0.52632 0.208333333333333 0.333333333333333 0.375 0.479166666666667 0.02985 0.01493 0.01493 0 0.02985 0 0 0 0 0.0526315789473684 0.0175438596491228 0.0175438596491228 39 27 27 25 38 29 28 23 47 44 39 38 0.25 0.78571 0.66667 0.8125 0.5 1 0.81818 0.78947 NA 0.5625 0.71429 0.86667 0.02857 0.31429 0.34286 0.37143 0.02857 0.22857 0.25714 0.42857 0 0.25714 0.42857 0.37143
"3" 0.25 0.52778 0.55556 0.61111 0.27778 0.5 0.5 0.55556 0.159090909090909 0.409090909090909 0.477272727272727 0.477272727272727 0 0 0.01449 0 0 0 0 0.01449 0.0327868852459016 0.0163934426229508 0.0327868852459016 0.0163934426229508 33 28 31 19 35 25 26 22 46 31 36 34 0.5 0.63636 0.41667 0.75 NA 0.9 0.64286 0.76471 0.5 0.72727 0.6 0.82353 0.0625 0.21875 0.15625 0.46875 0 0.28125 0.28125 0.40625 0.15625 0.25 0.28125 0.4375
"4" 0.2973 0.48649 0.54054 0.59459 0.27027 0.43243 0.51351 0.59459 0.4 0.657142857142857 0.742857142857143 0.714285714285714 0.01471 0.02941 0.04412 0.04412 0.01471 0.01471 0.04412 0.02941 0 0 0 0.0142857142857143 36 27 32 31 37 29 31 31 29 19 20 20 NA 0.71429 0.57143 0.57143 NA 0.58333 0.57143 0.53846 NA 0.78571 0.25 0.66667 0 0.30303 0.24242 0.24242 0 0.21212 0.24242 0.21212 0 0.33333 0.09091 0.24242
"5" 0.26829 0.46341 0.5122 0.56098 0.19512 0.43902 0.41463 0.5122 0.333333333333333 0.575757575757576 0.696969696969697 0.666666666666667 0 0.01562 0.03125 0.01562 0 0.01562 0.03125 0.01562 0 0 0.0138888888888889 0 35 28 28 30 41 29 31 28 30 24 21 25 1 0.91667 0.78947 0.70588 NA 0.90909 0.75 0.85714 0.83333 0.66667 0.88889 0.82353 0.15789 0.28947 0.39474 0.31579 0 0.26316 0.31579 0.31579 0.13158 0.21053 0.42105 0.36842
"6" 0.32432 0.54054 0.56757 0.56757 0.18919 0.51351 0.54054 0.56757 0.25 0.53125 0.65625 0.65625 0.02941 0.01471 0.02941 0.01471 0.01471 0 0.01471 0.01471 0.0273972602739726 0 0 0 31 28 27 27 37 28 27 25 33 18 19 18 1 0.66667 0.78571 0.71429 NA 0.61538 0.66667 0.72222 0.38462 0.64286 0.71429 0.61538 0.2 0.28571 0.31429 0.28571 0 0.22857 0.28571 0.37143 0.14286 0.25714 0.28571 0.22857
"7" 0.29412 0.52941 0.52941 0.58824 0.20588 0.47059 0.5 0.58824 0.222222222222222 0.5 0.555555555555556 0.555555555555556 0.02817 0.04225 0.05634 0.05634 0.01408 0.02817 0.05634 0.04225 0.0434782608695652 0 0 0.0144927536231884 29 27 31 27 32 27 30 28 38 28 25 29 1 0.55556 0.3 0.4375 NA 0.5 0.57143 0.4 1 0.38462 0.31579 0.46667 0.11111 0.18519 0.22222 0.25926 0 0.14815 0.14815 0.2963 0.07407 0.18519 0.22222 0.25926
"8" 0.35897 0.51282 0.48718 0.5641 0.28205 0.46154 0.51282 0.5641 0.25 0.625 0.65625 0.6875 0 0.01515 0.0303 0.0303 0 0.0303 0.01515 0.0303 0.0547945205479452 0.0273972602739726 0 0 33 26 34 32 36 32 29 30 35 25 20 20 0.6 0.66667 0.36842 0.69231 0.5 0.5625 0.78571 0.64706 NA 0.6875 0.53333 0.73333 0.15385 0.35897 0.17949 0.23077 0.07692 0.23077 0.28205 0.28205 0 0.28205 0.20513 0.28205
"9" 0.30303 0.51515 0.60606 0.66667 0.24242 0.48485 0.51515 0.63636 0.375 0.59375 0.5625 0.59375 0.01389 0.02778 0.02778 0.04167 0 0.02778 0 0.01389 0 0 0.0136986301369863 0.0136986301369863 29 26 25 23 33 27 22 22 31 24 25 21 0.55556 0.5 0.58824 0.76923 NA 0.4375 0.78571 0.69231 1 0.42857 0.73333 0.8 0.17241 0.27586 0.34483 0.34483 0 0.24138 0.37931 0.31034 0.06897 0.2069 0.37931 0.41379
"10" 0.2 0.24444 0.33333 0.44444 0.11111 0.24444 0.35556 0.4 0.52 0.72 0.8 0.8 0.01667 0.06667 0.06667 0.06667 0 0.06667 0.03333 0.05 0.0125 0.0125 0.0125 0 45 47 44 37 44 46 42 41 19 14 11 14 NA 0.5 0.66667 0.78571 NA 0.33333 0.66667 0.66667 NA 0.5 0.5 0.46154 0 0.02326 0.09302 0.25581 0 0.04651 0.09302 0.13953 0 0.04651 0.16279 0.13953
"11" 0.325 0.375 0.55 0.55 0.225 0.4 0.475 0.55 0.155555555555556 0.355555555555556 0.422222222222222 0.444444444444444 0.01538 0.01538 0.01538 0.04615 0.01538 0.01538 0.01538 0.03077 0 0.0333333333333333 0.0166666666666667 0.0333333333333333 40 32 29 34 40 34 33 32 45 40 36 38 0 0.72727 0.66667 0.53333 0.2 0.75 0.58333 0.75 0.22222 0.57143 0.4 0.53333 0 0.21622 0.32432 0.21622 0.02703 0.16216 0.18919 0.24324 0.05405 0.21622 0.16216 0.21622
"12" 0.30556 0.44444 0.5 0.58333 0.19444 0.38889 0.5 0.55556 0.136363636363636 0.318181818181818 0.340909090909091 0.454545454545455 0.01449 0.01449 0 0.01449 0.01449 0 0 0.01449 0.0163934426229508 0.0327868852459016 0.0655737704918033 0.0491803278688525 33 30 29 26 36 29 27 25 43 40 39 39 0.57143 0.58333 0.63636 0.83333 0.33333 0.85714 0.75 0.70588 NA 0.81818 0.6875 0.76923 0.11765 0.20588 0.20588 0.29412 0.02941 0.17647 0.26471 0.35294 0 0.26471 0.32353 0.29412
"13" 0.29412 0.5 0.55882 0.55882 0.23529 0.41176 0.52941 0.52941 0.209302325581395 0.441860465116279 0.441860465116279 0.511627906976744 0 0.01408 0.04225 0.02817 0 0.01408 0.02817 0.02817 0.0161290322580645 0.0161290322580645 0.0161290322580645 0.0161290322580645 31 23 25 24 33 27 24 22 43 30 31 29 1 0.76923 0.61111 0.5625 NA 0.63636 0.66667 0.75 NA 0.66667 0.71429 0.75 0.06667 0.33333 0.36667 0.3 0 0.23333 0.33333 0.4 0 0.33333 0.16667 0.4
"14" 0.2973 0.54054 0.56757 0.56757 0.21622 0.51351 0.51351 0.56757 0.184210526315789 0.421052631578947 0.526315789473684 0.578947368421053 0.01471 0 0 0.01471 0 0 0.01471 0 0.0298507462686567 0.0597014925373134 0.0298507462686567 0.0298507462686567 31 25 21 27 33 25 24 22 35 31 28 28 0.7 0.85714 0.94118 0.73333 1 0.85714 0.875 0.88235 0.4 0.8125 0.875 0.82353 0.19444 0.33333 0.44444 0.30556 0.11111 0.33333 0.38889 0.41667 0.11111 0.36111 0.38889 0.38889
"15" 0.31579 0.47368 0.5 0.57895 0.23684 0.39474 0.47368 0.55263 0.210526315789474 0.447368421052632 0.526315789473684 0.552631578947368 0 0.01493 0.01493 0.01493 0 0.01493 0.02985 0.01493 0.0149253731343284 0.0298507462686567 0.0149253731343284 0 33 26 31 29 38 29 30 30 38 32 29 25 0.44444 0.70588 0.44444 0.52632 NA 0.9 0.55556 0.47368 0.33333 0.71429 0.41176 0.63158 0.12121 0.36364 0.24242 0.30303 0 0.27273 0.30303 0.27273 0.12121 0.30303 0.21212 0.36364
"16" 0.42857 0.64286 0.71429 0.67857 0.39286 0.53571 0.67857 0.67857 0.333333333333333 0.633333333333333 0.666666666666667 0.7 0.01299 0.05195 0 0.02597 0 0.01299 0 0.01299 0 0.0133333333333333 0.0266666666666667 0.0266666666666667 24 23 16 17 24 20 17 17 28 19 23 20 0.57143 0.75 0.71429 0.65 1 0.88889 0.69231 0.73333 1 0.83333 0.75 0.83333 0.16667 0.375 0.41667 0.54167 0.08333 0.33333 0.375 0.45833 0.08333 0.41667 0.375 0.41667
"17" 0.27778 0.36111 0.5 0.44444 0.22222 0.36111 0.44444 0.47222 0.30952380952381 0.452380952380952 0.476190476190476 0.5 0 0.04348 0.01449 0.04348 0 0.01449 0.02899 0.04348 0.0158730158730159 0.0317460317460317 0.0158730158730159 0.0158730158730159 36 35 25 29 36 31 26 30 39 36 37 34 NA 0.30769 0.75 0.58824 NA 0.41667 0.8 0.75 NA 0.33333 0.71429 0.5 0 0.11765 0.35294 0.29412 0 0.14706 0.35294 0.26471 0 0.11765 0.29412 0.20588
"18" 0.26829 0.36585 0.46341 0.5122 0.2439 0.29268 0.39024 0.46341 0.228571428571429 0.485714285714286 0.628571428571429 0.628571428571429 0.04688 0.01562 0.01562 0.01562 0 0.01562 0 0.01562 0 0.0142857142857143 0 0.0142857142857143 38 38 29 32 39 36 32 28 35 28 24 25 0.6 0.66667 0.8125 0.66667 1 0.85714 0.81818 0.77778 NA 0.8 0.76923 0.61538 0.14634 0.09756 0.31707 0.2439 0.04878 0.14634 0.21951 0.34146 0 0.29268 0.2439 0.19512
"19" 0.41935 0.54839 0.6129 0.67742 0.35484 0.51613 0.54839 0.6129 0.303030303030303 0.545454545454545 0.606060606060606 0.666666666666667 0 0.01351 0.01351 0.01351 0 0 0 0 0.0277777777777778 0.0277777777777778 0.0277777777777778 0.0277777777777778 25 24 20 21 26 23 23 23 35 26 23 21 0.5 0.47059 0.9 0.88889 1 0.75 1 1 1 0.66667 0.5 0.9 0.10714 0.28571 0.32143 0.28571 0.07143 0.21429 0.17857 0.17857 0.07143 0.21429 0.25 0.32143
"20" 0.21429 0.47619 0.5 0.5 0.09524 0.38095 0.47619 0.47619 0.363636363636364 0.575757575757576 0.636363636363636 0.606060606060606 0.01587 0.01587 0.01587 0.01587 0.01587 0.01587 0.01587 0 0.0138888888888889 0 0.0138888888888889 0.0138888888888889 41 34 33 33 43 36 32 37 30 23 20 21 1 0.6 0.66667 0.71429 NA 0.58333 0.61111 0.5 0.36364 0.4 0.75 0.86667 0.04878 0.21951 0.2439 0.2439 0 0.17073 0.26829 0.12195 0.09756 0.09756 0.21951 0.31707
"21" 0.20513 0.48718 0.51282 0.58974 0.12821 0.46154 0.46154 0.53846 0.171428571428571 0.542857142857143 0.6 0.628571428571429 0.0303 0.01515 0.04545 0.01515 0.04545 0.01515 0.0303 0.0303 0.0285714285714286 0.0142857142857143 0.0142857142857143 0 40 34 36 31 42 32 34 30 36 26 27 23 0.33333 0.66667 0.5 0.47368 NA 0.5 0.36842 0.58824 NA 0.58333 0.45455 0.58824 0.02703 0.16216 0.16216 0.24324 0 0.21622 0.18919 0.27027 0 0.18919 0.13514 0.27027
"22" 0.3 0.475 0.55 0.625 0.225 0.425 0.525 0.525 0.217391304347826 0.369565217391304 0.41304347826087 0.41304347826087 0 0 0 0.01538 0 0 0 0 0.0169491525423729 0.0338983050847458 0.0169491525423729 0.0338983050847458 39 31 25 34 39 31 28 32 46 42 38 40 NA 0.61538 1 0.46154 NA 0.57143 0.83333 0.58333 NA 0.53846 0.73684 0.68421 0 0.21622 0.32432 0.16216 0 0.21622 0.27027 0.18919 0 0.18919 0.37838 0.35135
"23" 0.37037 0.51852 0.66667 0.66667 0.25926 0.51852 0.62963 0.66667 0.366666666666667 0.466666666666667 0.566666666666667 0.633333333333333 0.02564 0.02564 0.02564 0.02564 0.01282 0.01282 0.02564 0.02564 0 0.0266666666666667 0.0666666666666667 0.0266666666666667 24 23 21 17 25 22 20 21 26 23 23 16 1 0.41667 0.61538 0.9 1 0.38462 0.69231 0.55556 1 0.53846 0.8 0.53846 0.17391 0.21739 0.34783 0.3913 0.08696 0.21739 0.3913 0.21739 0.08696 0.30435 0.34783 0.30435
"24" 0.31579 0.55263 0.5 0.55263 0.21053 0.47368 0.5 0.52632 0.277777777777778 0.444444444444444 0.527777777777778 0.555555555555556 0.01493 0.01493 0.01493 0.01493 0 0.01493 0.01493 0 0.0289855072463768 0.0434782608695652 0.0434782608695652 0.0434782608695652 35 29 28 29 37 32 29 30 36 35 29 26 0.5 0.5625 0.66667 0.6 NA 0.42857 0.64286 0.61538 NA 0.54545 0.5 0.63636 0.06667 0.3 0.33333 0.3 0 0.2 0.3 0.26667 0 0.2 0.23333 0.23333
"25" 0.275 0.475 0.5 0.55 0.25 0.35 0.475 0.475 0.303030303030303 0.606060606060606 0.666666666666667 0.636363636363636 0.03077 0.01538 0.01538 0.03077 0.01538 0 0.01538 0.03077 0 0 0 0 42 31 30 26 36 37 28 27 32 21 18 19 0 0.625 0.84615 0.88889 0.625 0.5 0.86667 0.83333 0.5 0.68421 0.86667 0.92308 0 0.26316 0.28947 0.42105 0.13158 0.07895 0.34211 0.39474 0.13158 0.34211 0.34211 0.31579
"26" 0.21212 0.48485 0.54545 0.54545 0.18182 0.45455 0.51515 0.51515 0.195652173913043 0.347826086956522 0.391304347826087 0.5 0.02778 0.01389 0.02778 0.02778 0.01389 0 0.01389 0.01389 0.0169491525423729 0.0169491525423729 0 0 32 28 26 26 33 32 28 27 46 45 42 36 0.4 0.42857 0.6 0.47368 0 0 0.35294 0.41176 0.25 0.46667 0.58333 0.5 0.06897 0.2069 0.31034 0.31034 0 0 0.2069 0.24138 0.03448 0.24138 0.24138 0.27586
"27" 0.30556 0.52778 0.55556 0.61111 0.22222 0.44444 0.5 0.55556 0.230769230769231 0.41025641025641 0.41025641025641 0.435897435897436 0.01449 0.04348 0.04348 0.02899 0.01449 0.02899 0.01449 0.04348 0.0151515151515152 0.0454545454545455 0.0303030303030303 0.0303030303030303 32 30 29 25 35 31 28 27 40 36 34 32 0.33333 0.46667 0.5 0.64706 NA 0.5 0.53333 0.58824 0.75 0.375 0.46667 0.6 0.06897 0.24138 0.27586 0.37931 0 0.17241 0.27586 0.34483 0.10345 0.10345 0.24138 0.31034
"28" 0.26829 0.5122 0.5122 0.5122 0.17073 0.46341 0.46341 0.5122 0.3 0.633333333333333 0.7 0.766666666666667 0.01562 0.01562 0.03125 0.01562 0.01562 0.01562 0.03125 0.01562 0.0133333333333333 0 0 0.0133333333333333 34 31 30 29 41 28 33 29 27 16 20 20 0.875 0.6875 0.68421 0.70588 NA 0.8125 0.58824 0.70588 NA 0.57143 0.73333 0.70588 0.19444 0.30556 0.36111 0.33333 0 0.36111 0.27778 0.33333 0 0.22222 0.30556 0.33333
"29" 0.34483 0.62069 0.72414 0.68966 0.27586 0.62069 0.68966 0.68966 0.1 0.4 0.4 0.475 0.03947 0.01316 0.01316 0.01316 0 0.01316 0 0.01316 0.0153846153846154 0 0.0307692307692308 0.0307692307692308 28 15 13 17 27 15 15 18 40 37 39 36 0.42857 0.92857 0.9375 0.76471 0.5 0.92857 0.86667 0.75 NA 0.92857 0.82353 0.875 0.11538 0.5 0.57692 0.5 0.03846 0.5 0.5 0.46154 0 0.5 0.53846 0.53846
"30" 0.25 0.52778 0.55556 0.55556 0.16667 0.5 0.5 0.52778 0.285714285714286 0.4 0.428571428571429 0.571428571428571 0.02899 0.02899 0.01449 0.01449 0.01449 0 0.01449 0.01449 0.0142857142857143 0.0285714285714286 0.0142857142857143 0.0428571428571429 38 30 27 25 35 32 31 28 35 32 35 30 NA 0.5 0.71429 0.64706 1 0.4 0.5 0.64286 NA 0.66667 0.63636 0.75 0 0.23529 0.29412 0.32353 0.05882 0.11765 0.17647 0.26471 0 0.23529 0.20588 0.35294
"31" 0.32432 0.51351 0.56757 0.51351 0.24324 0.48649 0.48649 0.51351 0.27027027027027 0.486486486486487 0.567567567567568 0.540540540540541 0 0.01471 0 0.01471 0 0 0.01471 0 0 0.0147058823529412 0.0147058823529412 0.0147058823529412 31 29 28 32 34 25 30 28 35 31 27 30 1 0.5625 0.61538 0.41667 1 0.6875 0.46667 0.61538 NA 0.63636 0.71429 0.5 0.14706 0.26471 0.23529 0.14706 0.05882 0.32353 0.20588 0.23529 0 0.20588 0.29412 0.20588
"32" 0.33333 0.52778 0.52778 0.52778 0.25 0.5 0.5 0.52778 0.451612903225806 0.451612903225806 0.580645161290323 0.548387096774194 0 0.01449 0 0.01449 0 0.01449 0.01449 0.01449 0 0.0135135135135135 0.0135135135135135 0.027027027027027 32 34 31 30 33 34 32 31 30 25 21 24 1 0.75 0.71429 0.875 1 0.75 0.35714 0.75 1 0.6 0.71429 0.6 0.11429 0.08571 0.14286 0.2 0.08571 0.08571 0.14286 0.17143 0.05714 0.17143 0.28571 0.08571
"33" 0.23913 0.28261 0.3913 0.3913 0.1087 0.23913 0.43478 0.41304 0.233333333333333 0.666666666666667 0.7 0.7 0 0.0339 0 0.05085 0.01695 0.0339 0 0.0339 0.0133333333333333 0 0.0133333333333333 0 42 44 36 42 46 44 43 41 30 16 20 15 1 0.66667 0.66667 0.55556 NA 0.5 0.375 0.55556 NA 0.53846 0.52941 0.33333 0.04545 0.04545 0.18182 0.11364 0 0.04545 0.06818 0.11364 0 0.15909 0.20455 0.06818
"34" 0.41935 0.58065 0.54839 0.70968 0.3871 0.58065 0.54839 0.70968 0.24390243902439 0.439024390243902 0.439024390243902 0.463414634146341 0.01351 0.01351 0 0.02703 0 0.01351 0.01351 0.01351 0 0 0.03125 0 26 22 21 17 26 22 23 16 38 35 34 33 0.8 0.53333 0.66667 0.75 1 0.53333 0.58333 0.875 0.71429 0.5 0.58333 0.7 0.14286 0.28571 0.28571 0.53571 0.10714 0.28571 0.25 0.5 0.17857 0.25 0.25 0.5
"35" 0.25641 0.51282 0.64103 0.61538 0.23077 0.48718 0.53846 0.53846 0.333333333333333 0.606060606060606 0.606060606060606 0.666666666666667 0.06061 0 0.01515 0 0.04545 0 0.01515 0 0 0.0138888888888889 0.0138888888888889 0.0277777777777778 39 28 25 24 37 29 29 24 29 26 23 20 0.44444 0.6875 0.75 0.82353 0.5 0.52632 0.71429 0.875 0.41667 0.75 0.82353 0.88889 0.12121 0.33333 0.45455 0.42424 0.15152 0.30303 0.30303 0.42424 0.15152 0.27273 0.42424 0.48485
"36" 0.30556 0.5 0.5 0.5 0.27778 0.41667 0.5 0.5 0.258064516129032 0.483870967741935 0.612903225806452 0.645161290322581 0.01449 0 0 0.01449 0.01449 0 0 0 0 0.0135135135135135 0.027027027027027 0.0135135135135135 32 24 27 23 32 27 27 23 30 24 19 18 0.625 0.85714 1 0.92857 0.625 1 0.8 0.75 1 0.91667 0.9 0.84615 0.15152 0.36364 0.24242 0.39394 0.15152 0.24242 0.24242 0.36364 0.12121 0.33333 0.27273 0.33333
"37" 0.18421 0.28947 0.44737 0.47368 0.15789 0.23684 0.44737 0.44737 0.162162162162162 0.405405405405405 0.540540540540541 0.648648648648649 0.02985 0.04478 0.01493 0.01493 0 0.01493 0.01493 0.02985 0 0.0588235294117647 0.0147058823529412 0.0147058823529412 39 38 31 30 37 37 34 31 37 31 26 22 NA 0.28571 0.57143 0.8 NA 0.33333 0.38462 0.5625 0 0.375 0.875 0.75 0 0.06061 0.24242 0.24242 0 0.0303 0.15152 0.27273 0 0.09091 0.21212 0.27273
"38" 0.24444 0.4 0.42222 0.44444 0.22222 0.37778 0.37778 0.42222 0.2 0.333333333333333 0.422222222222222 0.422222222222222 0.01667 0.01667 0.03333 0.05 0.01667 0.01667 0.01667 0.03333 0.05 0.0166666666666667 0.05 0.0166666666666667 46 38 39 36 46 38 41 37 46 37 46 35 NA 0.46667 0.5 0.57143 NA 0.5 0.57143 0.64286 0.28571 0.41176 0.4375 0.55556 0 0.16279 0.16279 0.27907 0 0.18605 0.09302 0.2093 0.09302 0.16279 0.16279 0.23256
"39" 0.21429 0.40476 0.52381 0.57143 0.09524 0.33333 0.40476 0.54762 0.366666666666667 0.5 0.566666666666667 0.566666666666667 0.03175 0.03175 0 0 0.03175 0.03175 0 0.01587 0 0.0133333333333333 0.0133333333333333 0.0266666666666667 44 34 32 29 44 37 37 33 26 24 22 23 NA 0.58824 1 0.68421 NA 0.46667 0.625 0.58824 NA 0.69231 0.81818 0.8 0 0.2439 0.2439 0.31707 0 0.17073 0.12195 0.2439 0 0.21951 0.21951 0.29268
"40" 0.25641 0.4359 0.48718 0.5641 0.15385 0.38462 0.46154 0.48718 0.363636363636364 0.454545454545455 0.575757575757576 0.636363636363636 0 0.0303 0 0.01515 0 0.01515 0 0.0303 0 0.0138888888888889 0 0.0138888888888889 34 34 29 31 36 36 29 32 27 31 20 17 0.66667 0.4375 0.625 0.5625 0.6 0.5 0.66667 0.45 0.75 0.46154 0.66667 0.53333 0.10526 0.18421 0.26316 0.23684 0.07895 0.10526 0.26316 0.23684 0.07895 0.15789 0.26316 0.21053
"41" 0.4 0.6 0.76667 0.7 0.3 0.56667 0.66667 0.73333 0.333333333333333 0.461538461538462 0.538461538461538 0.615384615384615 0.01333 0.04 0.02667 0.01333 0 0.02667 0.01333 0.01333 0 0.0303030303030303 0 0 27 24 16 17 29 24 20 16 38 32 29 30 1 0.6 0.66667 0.66667 NA 0.57143 0.61111 0.65217 1 0.71429 0.58824 0.75 0.07692 0.34615 0.61538 0.53846 0 0.30769 0.42308 0.57692 0.07692 0.38462 0.38462 0.57692
"42" 0.37838 0.56757 0.54054 0.59459 0.32432 0.48649 0.54054 0.56757 0.142857142857143 0.326530612244898 0.326530612244898 0.387755102040816 0.01471 0.02941 0.01471 0.01471 0 0.01471 0.01471 0 0.0178571428571429 0.0178571428571429 0 0.0535714285714286 32 25 29 28 32 27 25 26 49 45 43 45 0.66667 0.86667 1 0.5625 0.8 1 0.75 0.76923 0.6 0.73333 0.81818 0.75 0.1875 0.40625 0.21875 0.28125 0.125 0.28125 0.375 0.3125 0.09375 0.34375 0.28125 0.28125
"43" 0.27778 0.44444 0.52778 0.58333 0.22222 0.38889 0.47222 0.58333 0.128205128205128 0.41025641025641 0.538461538461538 0.564102564102564 0.02899 0.07246 0.04348 0.05797 0.02899 0.02899 0.02899 0.04348 0 0.0303030303030303 0 0 38 33 28 26 38 32 28 23 38 31 29 26 NA 0.42105 0.78571 0.73684 NA 0.42857 0.55556 0.72727 0.33333 0.5 0.78571 0.71429 0 0.22222 0.30556 0.38889 0 0.16667 0.27778 0.44444 0.02778 0.16667 0.30556 0.27778
"44" 0.28571 0.40476 0.40476 0.5 0.21429 0.38095 0.38095 0.47619 0.145833333333333 0.395833333333333 0.458333333333333 0.5 0.03175 0.01587 0.04762 0 0.03175 0.03175 0.03175 0.01587 0.0175438596491228 0.0175438596491228 0.0175438596491228 0.0175438596491228 41 34 35 35 43 36 34 35 48 38 38 34 0.27273 0.69231 0.76923 0.4375 0.5 0.57143 0.83333 0.53333 0.5 0.64286 0.71429 0.625 0.075 0.225 0.25 0.175 0.025 0.2 0.25 0.2 0.025 0.225 0.25 0.25
"45" 0.2 0.375 0.375 0.5 0.075 0.35 0.375 0.475 0.387096774193548 0.516129032258065 0.612903225806452 0.645161290322581 0.09231 0.01538 0.04615 0 0.01538 0.01538 0.04615 0.04615 0.0135135135135135 0.027027027027027 0 0.0135135135135135 44 33 38 33 41 35 35 37 26 20 13 16 0.16667 0.53333 0.71429 0.7 NA 0.42857 0.46667 0.46154 NA 0.38462 0.28571 0.63158 0.05128 0.20513 0.12821 0.17949 0 0.15385 0.17949 0.15385 0 0.12821 0.05128 0.30769
"46" 0.44 0.68 0.76 0.88 0.36 0.6 0.76 0.76 0.209302325581395 0.511627906976744 0.465116279069767 0.558139534883721 0.0125 0.0125 0 0 0.0125 0.025 0 0 0 0 0.0483870967741935 0.032258064516129 20 17 12 6 21 21 12 11 43 35 39 33 NA 0.5 0.88889 1 NA 0.35714 0.88889 0.88889 0 0.85714 0.88889 1 0 0.47059 0.47059 0.64706 0 0.29412 0.47059 0.47059 0 0.35294 0.47059 0.64706
"47" 0.35484 0.70968 0.77419 0.80645 0.29032 0.58065 0.74194 0.74194 0.342105263157895 0.447368421052632 0.526315789473684 0.605263157894737 0.04054 0.01351 0 0.01351 0 0 0 0.01351 0 0 0 0 30 18 19 15 30 22 20 16 33 30 23 22 0.5 0.71429 0.57895 0.65217 NA 0.5 0.55556 0.7 NA 0.55 0.54545 0.66667 0.09091 0.45455 0.5 0.68182 0 0.40909 0.45455 0.63636 0 0.5 0.54545 0.72727
"48" 0.4 0.45714 0.54286 0.6 0.25714 0.4 0.51429 0.6 0.162162162162162 0.432432432432432 0.459459459459459 0.540540540540541 0 0.01429 0 0.02857 0 0.01429 0 0.01429 0.0294117647058824 0.0441176470588235 0.0735294117647059 0.0441176470588235 31 28 25 26 33 31 24 25 39 35 39 34 0.4 0.53333 0.66667 0.6875 1 0.625 0.76923 0.64706 0 0.64286 0.61538 0.72727 0.11765 0.23529 0.29412 0.32353 0.05882 0.14706 0.29412 0.32353 0 0.26471 0.23529 0.23529
"49" 0.27273 0.45455 0.54545 0.47727 0.22727 0.38636 0.5 0.43182 0.121951219512195 0.341463414634146 0.439024390243902 0.48780487804878 0.01639 0.04918 0.04918 0.03279 0.03279 0.03279 0.03279 0.03279 0.046875 0.03125 0 0.03125 37 41 34 33 43 39 33 34 44 37 35 34 0.61538 0.31579 0.54167 0.6875 0.375 0.38889 0.64706 0.57895 NA 0.42857 0.76471 0.625 0.19048 0.14286 0.30952 0.2619 0.07143 0.16667 0.2619 0.2619 0 0.14286 0.30952 0.2381
"50" 0.19512 0.4878 0.56098 0.5122 0.19512 0.46341 0.5122 0.4878 0.2 0.666666666666667 0.666666666666667 0.8 0.01562 0.03125 0.01562 0.01562 0 0.01562 0.01562 0.01562 0.0266666666666667 0.0133333333333333 0 0 41 36 32 33 40 30 31 32 29 21 14 13 NA 0.42857 0.69231 0.5 NA 0.6875 0.58824 0.5 0 0.6 0.53846 0.35294 0 0.15789 0.23684 0.21053 0 0.28947 0.26316 0.23684 0 0.23684 0.18421 0.15789
"51" 0.375 0.6875 0.78125 0.84375 0.28125 0.59375 0.71875 0.8125 0.230769230769231 0.461538461538462 0.461538461538462 0.512820512820513 0 0 0 0 0 0 0 0 0.0303030303030303 0.0303030303030303 0.0151515151515152 0.0303030303030303 25 19 9 6 28 21 10 8 41 31 32 31 1 0.90909 1 1 1 1 1 1 1 0.7 1 1 0.17857 0.35714 0.67857 0.78571 0.07143 0.28571 0.64286 0.71429 0.07143 0.25 0.57143 0.78571
"52" 0.30556 0.5 0.55556 0.63889 0.27778 0.47222 0.47222 0.61111 0.2 0.45 0.525 0.5 0.01449 0 0.02899 0.01449 0.01449 0 0.01449 0.01449 0.0307692307692308 0.0461538461538462 0.0307692307692308 0.0307692307692308 35 26 26 25 36 26 27 26 42 33 33 34 0.22222 0.58824 0.64706 0.6875 NA 0.58824 0.71429 0.76923 NA 0.5625 0.76471 0.64706 0.06667 0.33333 0.36667 0.36667 0 0.33333 0.33333 0.33333 0 0.3 0.43333 0.36667
"53" 0.375 0.5625 0.71875 0.71875 0.28125 0.5 0.6875 0.65625 0.25 0.475 0.525 0.55 0.0137 0.0274 0.0137 0.0137 0 0.0137 0.0137 0.0137 0 0.0153846153846154 0.0153846153846154 0.0153846153846154 28 17 15 17 29 22 15 18 40 31 31 29 0.8 0.94118 0.89474 0.83333 1 1 0.89474 0.77778 0.4 0.92857 0.84211 0.77778 0.12903 0.51613 0.54839 0.48387 0.06452 0.32258 0.54839 0.45161 0.06452 0.41935 0.51613 0.45161
"54" 0.32353 0.58824 0.73529 0.70588 0.26471 0.47059 0.67647 0.67647 0.25 0.425 0.475 0.575 0.01408 0.01408 0.02817 0.01408 0.01408 0.02817 0.01408 0.01408 0.0153846153846154 0.0153846153846154 0.0153846153846154 0.0307692307692308 29 25 22 19 33 28 19 19 41 34 32 34 0.5 0.55556 0.76471 0.72727 0.33333 0.53333 0.78947 0.72727 NA 0.57143 0.94118 0.63636 0.19355 0.32258 0.41935 0.51613 0.06452 0.25806 0.48387 0.51613 0 0.25806 0.51613 0.45161
"55" 0.32432 0.56757 0.62162 0.7027 0.21622 0.54054 0.59459 0.67568 0.344827586206897 0.551724137931034 0.551724137931034 0.689655172413793 0.01471 0 0 0 0 0 0 0 0.0263157894736842 0.0131578947368421 0.0657894736842105 0.0263157894736842 37 25 20 20 36 29 25 20 30 21 25 16 0.33333 0.70588 1 0.77273 0.5 0.61538 1 0.94444 0.5 0.66667 0.7 0.94118 0.02703 0.32432 0.45946 0.45946 0.02703 0.21622 0.32432 0.45946 0.02703 0.16216 0.37838 0.43243
"56" 0.2619 0.47619 0.5 0.52381 0.21429 0.45238 0.42857 0.5 0.25 0.5 0.416666666666667 0.583333333333333 0.03175 0.01587 0.04762 0.01587 0.01587 0.01587 0.03175 0.01587 0.0434782608695652 0.0289855072463768 0.0144927536231884 0.0144927536231884 41 32 33 34 43 36 35 30 39 27 27 24 0.27273 0.5625 0.63158 0.5625 NA 0.41176 0.52941 0.68421 NA 0.61111 0.5 0.625 0.08108 0.24324 0.32432 0.24324 0 0.18919 0.24324 0.35135 0 0.2973 0.27027 0.27027
"57" 0.28205 0.48718 0.51282 0.5641 0.20513 0.4359 0.51282 0.53846 0.2 0.475 0.525 0.575 0.01515 0.01515 0 0.01515 0 0 0 0.01515 0.0153846153846154 0.0307692307692308 0.0307692307692308 0.0307692307692308 38 31 28 29 38 29 27 27 41 33 32 28 0.5 0.6 0.76923 0.73333 NA 0.8 0.78571 0.8125 0 0.90909 0.78571 0.71429 0.02857 0.25714 0.28571 0.31429 0 0.22857 0.31429 0.37143 0 0.28571 0.31429 0.28571
"58" 0.27273 0.45455 0.60606 0.57576 0.27273 0.36364 0.57576 0.57576 0.230769230769231 0.538461538461538 0.538461538461538 0.615384615384615 0 0.01389 0.01389 0.01389 0 0.02778 0.01389 0.01389 0.0151515151515152 0.0151515151515152 0 0.0151515151515152 32 27 21 22 32 30 23 24 39 35 32 28 NA 0.6 0.91667 0.6875 NA 0.4 0.81818 0.81818 1 0.54545 0.78571 0.70588 0 0.19355 0.35484 0.35484 0 0.12903 0.29032 0.29032 0.09677 0.19355 0.35484 0.3871
"59" 0.38235 0.55882 0.61765 0.61765 0.26471 0.52941 0.61765 0.61765 0.379310344827586 0.551724137931034 0.551724137931034 0.655172413793103 0.01408 0.04225 0.02817 0.05634 0.01408 0.01408 0.02817 0.04225 0.0131578947368421 0.0263157894736842 0.0263157894736842 0.0263157894736842 31 27 26 26 34 27 25 26 24 23 20 20 0.3 0.47368 0.45 0.54545 NA 0.47059 0.52381 0.57895 NA 0.7 0.75 0.56522 0.10714 0.32143 0.32143 0.42857 0 0.28571 0.39286 0.39286 0 0.25 0.21429 0.46429
"60" 0.3 0.53333 0.63333 0.76667 0.26667 0.5 0.56667 0.73333 0.2 0.425 0.5 0.575 0.02667 0.01333 0 0.01333 0 0.01333 0 0.01333 0.0307692307692308 0.0461538461538462 0.0307692307692308 0.0461538461538462 27 23 17 17 25 27 19 17 40 36 31 32 1 0.4 0.75 0.66667 1 0.30769 0.61538 0.8 1 0.66667 0.44444 0.78571 0.07692 0.23077 0.34615 0.46154 0.07692 0.15385 0.30769 0.46154 0.07692 0.23077 0.30769 0.42308
"61" 0.2381 0.42857 0.45238 0.47619 0.2619 0.35714 0.40476 0.47619 0.289473684210526 0.473684210526316 0.552631578947368 0.552631578947368 0.03175 0.03175 0.03175 0.03175 0.01587 0.03175 0.01587 0.03175 0.0149253731343284 0 0 0 44 36 37 33 42 37 37 32 37 29 26 32 NA 0.7 0.42857 0.61111 0.33333 0.46667 0.4 0.63158 NA 0.36364 0.33333 0.66667 0 0.17073 0.14634 0.26829 0.02439 0.17073 0.14634 0.29268 0 0.09756 0.12195 0.29268
"62" 0.35714 0.5 0.54762 0.59524 0.2619 0.42857 0.47619 0.52381 0.357142857142857 0.571428571428571 0.642857142857143 0.678571428571429 0.03175 0.03175 0.04762 0.03175 0.01587 0.03175 0.03175 0.03175 0.012987012987013 0 0 0 37 35 33 32 43 36 37 31 28 18 16 14 0.53846 0.64286 0.52174 0.57143 NA 0.47059 0.38889 0.61905 0.5 0.33333 0.8 0.61905 0.17073 0.21951 0.29268 0.29268 0 0.19512 0.17073 0.31707 0.14634 0.09756 0.29268 0.31707
"63" 0.3125 0.46875 0.65625 0.625 0.1875 0.46875 0.5625 0.59375 0.285714285714286 0.678571428571429 0.714285714285714 0.75 0.0411 0.0411 0 0.0274 0 0 0 0 0.012987012987013 0 0.012987012987013 0.012987012987013 29 28 19 23 29 26 24 19 27 14 15 15 0.8 0.57143 0.64286 0.63636 1 0.75 0.36364 0.69231 NA 0.44444 0.78571 0.88235 0.14286 0.14286 0.32143 0.25 0.07143 0.10714 0.14286 0.32143 0 0.14286 0.39286 0.53571
"64" 0.35294 0.55882 0.61765 0.64706 0.26471 0.5 0.55882 0.61765 0.305555555555556 0.472222222222222 0.555555555555556 0.583333333333333 0.01408 0 0.01408 0.01408 0.01408 0 0.01408 0.01408 0 0.0289855072463768 0.0289855072463768 0.0289855072463768 31 26 20 20 33 25 24 18 34 29 29 29 0.42857 0.8 0.88235 0.78947 0.4 0.64286 0.84615 0.89474 0.66667 0.54545 0.82353 0.85 0.09375 0.25 0.46875 0.46875 0.0625 0.28125 0.34375 0.53125 0.125 0.1875 0.4375 0.53125
"65" 0.30303 0.51515 0.66667 0.63636 0.21212 0.45455 0.60606 0.63636 0.155555555555556 0.4 0.488888888888889 0.555555555555556 0 0.02778 0.01389 0.01389 0 0.02778 0 0.01389 0.0333333333333333 0.0333333333333333 0.05 0.0166666666666667 30 29 20 20 31 30 20 20 47 40 43 30 1 0.375 0.68421 0.68421 1 0.27273 0.66667 0.68421 1 0.33333 0.72222 0.77778 0.08 0.12 0.52 0.52 0.08 0.12 0.48 0.52 0.08 0.16 0.52 0.56
"66" 0.43333 0.56667 0.66667 0.56667 0.3 0.53333 0.6 0.56667 0.325 0.475 0.55 0.65 0.01333 0 0 0 0 0 0 0 0.0461538461538462 0.0461538461538462 0.0153846153846154 0.0307692307692308 25 21 16 20 28 21 19 21 38 31 29 25 0.625 0.64286 0.8125 0.9 0.5 0.69231 0.76923 1 0.875 0.66667 0.75 0.91667 0.17241 0.31034 0.44828 0.31034 0.03448 0.31034 0.34483 0.27586 0.24138 0.27586 0.41379 0.37931
"67" 0.2439 0.36585 0.5122 0.53659 0.21951 0.39024 0.43902 0.53659 0.243243243243243 0.432432432432432 0.432432432432432 0.513513513513513 0 0.04688 0.03125 0.01562 0 0.03125 0.03125 0.01562 0.0147058823529412 0.0294117647058824 0.0441176470588235 0.0441176470588235 39 40 37 31 38 39 38 29 36 30 32 27 NA 0 0.27778 0.64286 0.5 0.28571 0.28571 0.66667 NA 0.25 0.23529 0.69231 0 0 0.14286 0.25714 0.02857 0.05714 0.05714 0.28571 0 0.02857 0.11429 0.25714
"68" 0.28205 0.48718 0.51282 0.61538 0.20513 0.48718 0.51282 0.53846 0.257142857142857 0.571428571428571 0.542857142857143 0.657142857142857 0.01515 0.04545 0.04545 0.01515 0.01515 0.04545 0.04545 0.01515 0.0142857142857143 0.0285714285714286 0.0142857142857143 0.0285714285714286 35 35 33 24 38 34 32 29 34 24 26 20 1 0.5 0.61538 0.88235 1 0.47059 0.6 0.76923 0.66667 0.75 0.57143 0.8125 0.10811 0.18919 0.21622 0.40541 0.05405 0.21622 0.24324 0.27027 0.16216 0.24324 0.21622 0.35135
"69" 0.26471 0.55882 0.61765 0.73529 0.23529 0.47059 0.55882 0.61765 0.2 0.428571428571429 0.542857142857143 0.6 0.01408 0.01408 0.02817 0 0 0 0.01408 0.01408 0.0142857142857143 0.0142857142857143 0.0142857142857143 0 32 23 22 18 31 25 21 19 35 30 27 18 0.375 0.6875 0.61905 0.82353 0.66667 1 0.73333 0.77778 NA 0.84615 0.63158 0.93333 0.10345 0.37931 0.44828 0.48276 0.06897 0.24138 0.37931 0.48276 0 0.37931 0.41379 0.48276
"70" 0.26829 0.46341 0.5122 0.56098 0.12195 0.41463 0.4878 0.5122 0.285714285714286 0.485714285714286 0.514285714285714 0.6 0.04688 0.01562 0.01562 0 0.03125 0.01562 0.01562 0 0 0 0 0 39 29 31 25 42 35 35 25 34 24 26 25 0.57143 0.75 0.64706 0.84211 NA 1 0.46667 0.8 1 0.875 1 0.76471 0.10256 0.30769 0.28205 0.41026 0 0.15385 0.17949 0.41026 0.05128 0.17949 0.23077 0.33333
"71" 0.25641 0.46154 0.53846 0.5641 0.23077 0.38462 0.48718 0.46154 0.40625 0.5625 0.625 0.6875 0.01515 0.0303 0.04545 0.06061 0.01515 0.01515 0.01515 0.04545 0 0.0136986301369863 0 0.0136986301369863 39 32 32 32 39 36 32 33 29 24 22 18 0.25 0.5625 0.55556 0.55 0.25 0.44444 0.53333 0.44444 0.5 0.53846 0.71429 0.41176 0.02703 0.24324 0.27027 0.2973 0.02703 0.10811 0.21622 0.21622 0.05405 0.18919 0.27027 0.18919
"72" 0.28571 0.60714 0.67857 0.71429 0.17857 0.57143 0.57143 0.71429 0.219512195121951 0.48780487804878 0.48780487804878 0.585365853658537 0.02597 0.03896 0.01299 0.02597 0.01299 0.02597 0 0 0.03125 0.03125 0.03125 0.03125 30 25 19 17 29 20 21 15 42 28 31 30 0 0.42857 0.8 0.6875 NA 0.61538 1 0.6875 0 0.44444 0.61538 0.6875 0 0.23077 0.30769 0.42308 0 0.30769 0.19231 0.42308 0 0.15385 0.30769 0.42308
"73" 0.20833 0.375 0.375 0.4375 0.16667 0.3125 0.35417 0.375 0.230769230769231 0.487179487179487 0.487179487179487 0.487179487179487 0.03509 0.01754 0.03509 0.05263 0 0 0.01754 0.03509 0.0151515151515152 0 0.0151515151515152 0.0151515151515152 47 41 44 47 48 43 44 46 39 28 30 29 0.42857 0.47059 0.66667 0.36364 NA 0.75 0.33333 0.30769 NA 0.33333 0.45455 0.36842 0.06667 0.17778 0.08889 0.08889 0 0.06667 0.06667 0.08889 0 0.02222 0.11111 0.15556
"74" 0.35484 0.58065 0.64516 0.74194 0.25806 0.48387 0.6129 0.70968 0.295454545454545 0.431818181818182 0.5 0.545454545454545 0.04054 0.01351 0.01351 0.01351 0.02703 0 0 0 0.0163934426229508 0.0163934426229508 0 0.0163934426229508 29 24 19 18 31 25 18 15 43 36 31 30 0.5 0.57143 0.76923 0.66667 0 0.45455 0.78571 0.82353 NA 0.61538 0.64286 0.70588 0.125 0.33333 0.41667 0.58333 0 0.20833 0.45833 0.58333 0 0.33333 0.375 0.5
"75" 0.225 0.4 0.375 0.45 0.225 0.35 0.35 0.45 0.155555555555556 0.377777777777778 0.444444444444444 0.466666666666667 0 0 0 0.01538 0 0 0 0.03077 0 0.0166666666666667 0.0166666666666667 0.0166666666666667 38 31 35 35 38 34 36 37 43 37 31 31 NA 0.7 0.36364 0.3125 NA 0.8 0.33333 0.29412 1 0.63636 0.33333 0.35294 0 0.21212 0.12121 0.15152 0 0.12121 0.0303 0.15152 0.06061 0.21212 0.0303 0.18182
"76" 0.25 0.425 0.55 0.575 0.225 0.425 0.525 0.55 0.219512195121951 0.414634146341463 0.414634146341463 0.48780487804878 0.01538 0.01538 0.01538 0.03077 0 0.01538 0 0.01538 0.03125 0.015625 0.015625 0.015625 38 30 23 29 39 34 24 24 43 35 36 40 0.5 0.83333 0.89474 0.85714 NA 0.4375 0.9375 0.88889 NA 0.54545 0.73333 0.86667 0.05405 0.27027 0.45946 0.32432 0 0.18919 0.40541 0.43243 0 0.16216 0.2973 0.35135
"77" 0.28571 0.45714 0.54286 0.54286 0.2 0.45714 0.45714 0.51429 0.297297297297297 0.540540540540541 0.594594594594595 0.594594594594595 0.02857 0.02857 0.02857 0.02857 0 0.01429 0.02857 0.01429 0.0147058823529412 0 0 0 29 28 25 24 31 23 25 24 33 25 22 24 0.72727 0.66667 0.6875 0.65 1 0.85714 0.78571 0.66667 1 1 0.86667 0.80952 0.24242 0.24242 0.33333 0.39394 0.09091 0.36364 0.33333 0.36364 0.09091 0.33333 0.39394 0.51515
"78" 0.23684 0.55263 0.55263 0.63158 0.21053 0.5 0.52632 0.63158 0.238095238095238 0.428571428571429 0.428571428571429 0.5 0.04478 0 0.01493 0 0 0 0.01493 0 0.0476190476190476 0 0.0317460317460317 0.0158730158730159 37 32 34 28 37 28 31 26 43 30 34 29 0.75 0.42857 0.5 0.5625 NA 0.53333 0.5 0.73333 0 0.33333 0.69231 0.71429 0.08333 0.16667 0.11111 0.25 0 0.22222 0.19444 0.30556 0 0.13889 0.25 0.27778
"79" 0.17949 0.41026 0.46154 0.51282 0.15385 0.35897 0.4359 0.48718 0.310344827586207 0.655172413793103 0.758620689655172 0.758620689655172 0.04545 0.0303 0.0303 0.04545 0.01515 0.01515 0.01515 0.0303 0.0131578947368421 0 0.0131578947368421 0 42 29 31 32 40 36 31 32 28 19 21 12 0 0.70588 0.71429 0.58824 NA 0.57143 0.64286 0.64286 NA 0.6 0.81818 0.76471 0 0.34286 0.28571 0.28571 0 0.11429 0.25714 0.25714 0 0.17143 0.25714 0.37143
"80" 0.22727 0.34091 0.54545 0.61364 0.18182 0.29545 0.47727 0.59091 0.2 0.4 0.4 0.425 0.03279 0.09836 0.01639 0 0 0.06557 0 0 0.0153846153846154 0.0307692307692308 0.0615384615384615 0.0461538461538462 41 43 33 32 40 44 30 30 39 30 37 38 0.5 0.4375 0.64706 0.71429 1 0.6 0.76471 0.75 0.5 0.5 0.625 0.85714 0.07692 0.17949 0.28205 0.25641 0.05128 0.07692 0.33333 0.30769 0.02564 0.23077 0.25641 0.30769
"81" 0.39394 0.69697 0.66667 0.75758 0.33333 0.63636 0.66667 0.72727 0.314285714285714 0.571428571428571 0.542857142857143 0.628571428571429 0.01389 0.01389 0 0 0.01389 0 0 0 0.0142857142857143 0.0142857142857143 0 0.0142857142857143 25 17 16 12 30 18 16 17 36 26 26 24 0.69231 1 0.83333 1 0.57143 0.92857 0.83333 0.83333 0.5 0.93333 0.82353 1 0.31034 0.51724 0.51724 0.65517 0.13793 0.44828 0.51724 0.51724 0.13793 0.48276 0.48276 0.68966
"82" 0.31915 0.42553 0.38298 0.53191 0.23404 0.38298 0.40426 0.44681 0.219512195121951 0.390243902439024 0.51219512195122 0.48780487804878 0.01724 0 0.03448 0.03448 0 0 0.01724 0.03448 0.015625 0.03125 0.03125 0.046875 43 37 41 39 44 39 39 40 42 34 31 35 0.42857 0.66667 0.54545 0.625 0.5 0.61538 0.47368 0.44444 NA 0.76923 0.83333 0.375 0.06818 0.22727 0.13636 0.22727 0.02273 0.18182 0.20455 0.18182 0 0.22727 0.22727 0.13636
"83" 0.25581 0.4186 0.46512 0.51163 0.13953 0.34884 0.4186 0.48837 0.234042553191489 0.531914893617021 0.48936170212766 0.553191489361702 0.06452 0 0.03226 0.01613 0.03226 0 0.01613 0.01613 0 0 0.0172413793103448 0 44 39 37 33 43 40 37 36 45 39 34 32 0.5 0.25 0.5 0.55556 NA 0.5 0.46154 0.53846 0.22222 0.53846 0.58824 0.73333 0.025 0.025 0.2 0.25 0 0.025 0.15 0.175 0.05 0.175 0.25 0.275
"84" 0.39474 0.42105 0.44737 0.52632 0.23684 0.34211 0.44737 0.52632 0.236842105263158 0.552631578947368 0.526315789473684 0.552631578947368 0 0.01493 0.04478 0.02985 0 0.02985 0.01493 0.04478 0.0447761194029851 0 0.0597014925373134 0.0447761194029851 34 33 33 32 38 35 32 31 36 28 32 28 0.8 0.5 0.47059 0.53333 NA 0.5 0.41176 0.625 NA 0.53846 0.41176 0.55556 0.10526 0.15789 0.21053 0.21053 0 0.13158 0.18421 0.26316 0 0.18421 0.18421 0.26316
"85" 0.14286 0.35714 0.42857 0.52381 0.09524 0.28571 0.38095 0.47619 0.145833333333333 0.333333333333333 0.4375 0.458333333333333 0.03175 0.03175 0.03175 0.01587 0.01587 0.03175 0 0.01587 0.0175438596491228 0.105263157894737 0.0701754385964912 0.087719298245614 43 35 37 28 42 42 36 34 47 46 39 44 NA 0.66667 0.77778 0.75 NA 0.4 0.85714 0.41176 NA 0.33333 0.66667 0.57143 0 0.22222 0.19444 0.41667 0 0.05556 0.16667 0.19444 0 0.11111 0.16667 0.22222
"86" 0.30952 0.42857 0.40476 0.47619 0.19048 0.42857 0.40476 0.45238 0.222222222222222 0.472222222222222 0.5 0.555555555555556 0 0.01587 0.03175 0.03175 0 0 0.01587 0.03175 0.0144927536231884 0.0579710144927536 0.0289855072463768 0.0289855072463768 39 35 41 37 41 33 37 40 34 33 29 30 0.4 0.42105 0.21429 0.41176 NA 0.875 0.38462 0.33333 0.54545 0.5 0.375 0.14286 0.05 0.2 0.075 0.175 0 0.175 0.125 0.1 0.15 0.125 0.075 0.05
"87" 0.34286 0.6 0.62857 0.65714 0.22857 0.54286 0.57143 0.62857 0.243243243243243 0.540540540540541 0.513513513513513 0.540540540540541 0.01429 0 0 0.01429 0.01429 0 0 0.01429 0.0147058823529412 0 0.0147058823529412 0 30 19 19 23 31 24 19 21 37 27 24 21 0.55556 0.77778 0.77778 0.61905 0.66667 0.58824 0.8125 0.66667 0.44444 0.625 0.9375 0.57895 0.16667 0.46667 0.46667 0.43333 0.13333 0.33333 0.43333 0.46667 0.13333 0.33333 0.5 0.36667
"88" 0.225 0.35 0.375 0.55 0.15 0.35 0.35 0.525 0.225 0.375 0.5 0.475 0.04615 0.03077 0 0.01538 0.01538 0 0.01538 0 0.0153846153846154 0.0153846153846154 0.0153846153846154 0.0461538461538462 42 34 34 31 41 35 37 34 38 35 32 34 0.33333 0.53333 0.66667 0.625 NA 1 0.4 0.75 NA 0.83333 0.75 0.41176 0.02564 0.20513 0.15385 0.25641 0 0.12821 0.10256 0.15385 0 0.12821 0.23077 0.17949
"89" 0.42424 0.57576 0.63636 0.66667 0.21212 0.51515 0.57576 0.63636 0.275 0.5 0.525 0.625 0 0.02778 0.02778 0.02778 0 0 0 0.01389 0 0.0153846153846154 0.0461538461538462 0.0307692307692308 29 26 23 23 30 25 21 25 37 34 36 30 NA 0.47368 0.61111 0.69231 NA 0.5 0.77778 0.47059 NA 0.5 0.90909 0.57143 0 0.40909 0.5 0.40909 0 0.36364 0.31818 0.36364 0 0.36364 0.45455 0.36364
"90" 0.45946 0.51351 0.54054 0.54054 0.32432 0.45946 0.51351 0.54054 0.407407407407407 0.592592592592593 0.703703703703704 0.703703703703704 0 0.01471 0.02941 0 0 0 0.01471 0 0.0128205128205128 0 0.0128205128205128 0 33 30 31 25 37 31 30 26 25 17 16 16 1 0.47059 0.57143 0.75 NA 0.46154 0.57143 0.64706 NA 0.57143 0.55556 0.75 0.11111 0.22222 0.22222 0.33333 0 0.16667 0.22222 0.30556 0 0.22222 0.27778 0.25
"91" 0.2381 0.35714 0.5 0.57143 0.11905 0.38095 0.47619 0.5 0.25 0.59375 0.5625 0.625 0.01587 0 0.01587 0.03175 0 0 0 0.01587 0.0136986301369863 0 0.0136986301369863 0.0136986301369863 40 38 35 35 40 40 35 35 33 24 20 20 0.5 NA 0.41176 0.5 0.5 0.16667 0.42857 0.4375 NA 0.46667 0.38462 0.64706 0.02778 0 0.19444 0.25 0.02778 0.02778 0.16667 0.19444 0 0.19444 0.13889 0.30556
"92" 0.275 0.5 0.55 0.575 0.225 0.45 0.525 0.575 0.133333333333333 0.6 0.566666666666667 0.733333333333333 0.01538 0.03077 0.03077 0.03077 0.03077 0.03077 0.03077 0.01538 0.0266666666666667 0.0266666666666667 0 0.0133333333333333 38 32 33 27 42 33 28 27 31 21 23 16 0.66667 0.52632 0.66667 0.71429 NA 0.6 0.65 0.76471 NA 0.5 0.5 0.76471 0.05263 0.26316 0.21053 0.39474 0 0.23684 0.34211 0.34211 0 0.23684 0.15789 0.34211
"93" 0.33333 0.51282 0.51282 0.5641 0.28205 0.46154 0.48718 0.51282 0.159090909090909 0.363636363636364 0.409090909090909 0.409090909090909 0 0.01515 0 0.01515 0 0 0 0 0.0327868852459016 0.0327868852459016 0.0491803278688525 0.0327868852459016 30 30 30 23 31 26 30 27 46 40 40 36 1 0.69231 0.875 0.85 0.8 0.85714 0.88889 0.8 0.83333 0.73333 0.71429 0.86667 0.25714 0.25714 0.2 0.48571 0.22857 0.34286 0.22857 0.34286 0.14286 0.31429 0.28571 0.37143
"94" 0.17143 0.54286 0.48571 0.6 0.14286 0.48571 0.48571 0.54286 0.228571428571429 0.514285714285714 0.542857142857143 0.685714285714286 0.02857 0 0.02857 0.04286 0 0 0.02857 0.04286 0.0142857142857143 0 0 0 35 26 31 26 34 30 26 24 35 27 26 21 NA 0.75 0.5 0.4375 NA 0.66667 0.46667 0.52941 NA 0.625 0.58333 0.64286 0 0.21429 0.07143 0.25 0 0.07143 0.25 0.32143 0 0.17857 0.25 0.32143
"95" 0.31579 0.5 0.57895 0.57895 0.26316 0.44737 0.5 0.55263 0.384615384615385 0.576923076923077 0.692307692307692 0.730769230769231 0.02985 0.04478 0.01493 0.02985 0.01493 0.04478 0.02985 0.02985 0 0.0126582278481013 0.0126582278481013 0.0126582278481013 38 33 25 27 36 33 27 29 20 17 16 13 0.4 0.44444 0.85714 0.66667 1 0.47059 0.73333 0.75 NA 0.66667 0.73333 1 0.05882 0.23529 0.35294 0.29412 0.05882 0.23529 0.32353 0.26471 0 0.11765 0.32353 0.32353
"96" 0.2381 0.42857 0.5 0.5 0.14286 0.38095 0.42857 0.5 0.24390243902439 0.365853658536585 0.463414634146341 0.48780487804878 0.01587 0.03175 0.01587 0.01587 0 0.01587 0.01587 0 0.03125 0.015625 0.015625 0.03125 40 38 34 33 42 36 38 32 40 34 29 29 0.6 0.42857 0.52941 0.66667 NA 0.46667 0.83333 0.81818 NA 0.69231 0.66667 0.5625 0.08108 0.16216 0.24324 0.27027 0 0.18919 0.13514 0.24324 0 0.24324 0.16216 0.24324
"97" 0.33333 0.5 0.58333 0.63889 0.16667 0.47222 0.58333 0.61111 0.297297297297297 0.513513513513513 0.594594594594595 0.594594594594595 0.01449 0 0 0.02899 0.01449 0 0 0.01449 0 0 0.0147058823529412 0.0294117647058824 29 25 24 26 35 25 24 28 36 30 28 27 0.6 0.6875 0.78571 0.71429 0.25 1 0.84615 0.66667 1 0.53333 0.83333 0.75 0.2 0.36667 0.36667 0.33333 0.03333 0.3 0.36667 0.26667 0.06667 0.26667 0.33333 0.3
"98" 0.34211 0.5 0.63158 0.60526 0.26316 0.5 0.52632 0.57895 0.28125 0.53125 0.59375 0.65625 0.01493 0.01493 0.01493 0.01493 0.01493 0.01493 0.01493 0 0.0136986301369863 0.0136986301369863 0.0136986301369863 0.0273972602739726 28 27 28 23 35 26 26 25 31 21 22 18 0.81818 0.6 0.71429 0.77778 1 0.90909 0.73333 0.78571 0.75 0.8 0.76923 0.8 0.26471 0.26471 0.29412 0.41176 0.08824 0.29412 0.32353 0.32353 0.17647 0.35294 0.29412 0.35294
"99" 0.27027 0.45946 0.51351 0.54054 0.16216 0.43243 0.51351 0.54054 0.216216216216216 0.459459459459459 0.621621621621622 0.594594594594595 0.02941 0.02941 0.02941 0.04412 0.02941 0.01471 0.02941 0.02941 0 0.0147058823529412 0 0.0147058823529412 38 31 29 29 38 33 29 27 37 30 26 26 0.125 0.57143 0.625 0.71429 NA 0.5 0.71429 0.78571 NA 0.71429 0.6875 0.66667 0.02857 0.22857 0.28571 0.28571 0 0.14286 0.28571 0.31429 0 0.28571 0.31429 0.28571
"100" 0.31429 0.45714 0.48571 0.57143 0.28571 0.42857 0.48571 0.57143 0.243243243243243 0.540540540540541 0.567567567567568 0.675675675675676 0.01429 0.01429 0 0.02857 0 0.02857 0 0.01429 0.0147058823529412 0 0.0294117647058824 0 33 31 28 24 35 33 28 25 37 27 26 20 0.6 0.45455 0.6 0.6875 NA 0.5 0.6 0.75 0.33333 0.6 0.41667 0.72727 0.09091 0.15152 0.18182 0.33333 0 0.09091 0.18182 0.27273 0.0303 0.18182 0.15152 0.24242
