"V1" "V2" "V3" "V4" "V5" "V6" "V7" "V8" "V9" "V10" "V11" "V12" "V13" "V14" "V15" "V16" "V17" "V18" "V19" "V20" "V21" "V22" "V23" "V24" "V25" "V26" "V27" "V28" "V29" "V30" "V31" "V32" "V33" "V34" "V35" "V36" "V37" "V38" "V39" "V40" "V41" "V42" "V43" "V44" "V45" "V46" "V47" "V48" "V49" "V50" "V51" "V52" "V53" "V54" "V55" "V56" "V57" "V58" "V59" "V60"
"1" 0.6 0.88235 0.92941 0.98824 0.49412 0.84706 0.92941 0.96471 0.364583333333333 0.8125 0.854166666666667 0.9375 0.00765 0.00842 0.01071 0.00842 0.00204 0.00179 0.00306 0.00128 0.00358147863903812 0.00460475825019187 0.00741877718086467 0.00383729854182655 85 65 66 60 69 40 34 22 96 50 76 35 0.44444 0.58209 0.55556 0.6 0.75 0.74419 0.76786 0.80645 0.5 0.40278 0.48052 0.64615 0.28571 0.69643 0.71429 0.69643 0.10714 0.57143 0.76786 0.89286 0.03571 0.51786 0.66071 0.75
"2" 0.51515 0.82828 0.92929 0.9697 0.44444 0.81818 0.89899 0.94949 0.357142857142857 0.76530612244898 0.86734693877551 0.887755102040816 0.00666 0.00922 0.00896 0.00768 0.00205 0.0023 0.00077 0.00077 0.00358331200409521 0.00537496800614282 0.00639877143588431 0.00563091886357819 110 79 66 57 91 45 27 22 103 66 54 49 0.30769 0.6 0.76056 0.6875 0.75 0.92308 1 1 0.75 0.50617 0.64286 0.73973 0.10127 0.56962 0.68354 0.6962 0.07595 0.60759 0.73418 0.75949 0.03797 0.51899 0.56962 0.68354
"3" 0.62821 0.83333 0.89744 0.94872 0.55128 0.80769 0.87179 0.94872 0.454545454545455 0.863636363636364 0.943181818181818 0.943181818181818 0.0084 0.00968 0.01146 0.01197 0.0028 0.00204 0.00306 0.00229 0.00382946132244064 0.00408475874393669 0.00561654327291294 0.00587184069440899 82 77 77 68 62 37 32 20 88 44 43 36 0.47727 0.5 0.61538 0.75472 0.7619 0.97059 0.85417 0.94118 1 0.38095 0.44828 0.58182 0.36207 0.53448 0.55172 0.68966 0.27586 0.56897 0.7069 0.82759 0.10345 0.41379 0.44828 0.55172
"4" 0.56122 0.85714 0.89796 0.96939 0.46939 0.80612 0.86735 0.95918 0.442105263157895 0.821052631578947 0.894736842105263 0.926315789473684 0.00742 0.00973 0.01049 0.01203 0.00256 0.00154 0.00154 0.00179 0.0030690537084399 0.00690537084398977 0.00281329923273657 0.00434782608695652 95 86 68 83 87 45 31 22 86 63 38 33 0.4878 0.58824 0.67073 0.65278 0.64286 0.93478 0.90164 0.95455 1 0.36765 0.55696 0.58462 0.25641 0.51282 0.70513 0.60256 0.11538 0.55128 0.70513 0.80769 0.0641 0.32051 0.5641 0.48718
"5" 0.58163 0.94898 0.96939 0.9898 0.47959 0.90816 0.96939 0.96939 0.425287356321839 0.850574712643678 0.931034482758621 0.954022988505747 0.00793 0.00819 0.00921 0.00973 0.00179 0.00128 0.00102 0.00051 0.00331801939765186 0.00638080653394589 0.00510464522715671 0.00459418070444104 102 65 66 62 81 28 23 12 88 63 46 33 0.39024 0.64286 0.61176 0.65476 0.8 0.96 0.9 0.92424 0.71429 0.55556 0.49425 0.59494 0.23529 0.66176 0.76471 0.80882 0.11765 0.70588 0.79412 0.89706 0.07353 0.58824 0.63235 0.69118
"6" 0.54348 0.82609 0.92391 0.93478 0.46739 0.79348 0.91304 0.92391 0.616438356164384 0.876712328767123 0.945205479452055 0.958904109589041 0.00792 0.00767 0.0115 0.00664 0.00153 0.00128 0.00153 0.00102 0.00127161749745677 0.00686673448626653 0.00584944048830112 0.00635808748728383 96 69 81 51 78 40 33 20 58 57 36 45 0.4 0.60606 0.58904 0.7027 0.6 0.83673 0.85714 0.87692 1 0.52857 0.48718 0.625 0.20896 0.59701 0.64179 0.77612 0.08955 0.61194 0.71642 0.85075 0.1194 0.55224 0.56716 0.59701
"7" 0.54118 0.8 0.87059 0.94118 0.44706 0.75294 0.87059 0.92941 0.398058252427184 0.805825242718447 0.864077669902913 0.902912621359223 0.00918 0.01071 0.01122 0.0125 0.0023 0.00204 0.0023 0.0023 0.00307534597642235 0.00589441312147617 0.00563813429010764 0.00538185545873911 103 91 79 76 81 49 33 31 103 71 54 46 0.26087 0.46429 0.56667 0.59211 0.55556 0.92593 0.97619 0.88462 0 0.37143 0.43662 0.59091 0.18462 0.4 0.52308 0.69231 0.07692 0.38462 0.63077 0.70769 0 0.4 0.47692 0.6
"8" 0.61728 0.88889 0.91358 1 0.53086 0.85185 0.90123 0.97531 0.446808510638298 0.765957446808511 0.829787234042553 0.957446808510638 0.00866 0.01019 0.00943 0.00943 0.00331 0.00127 0.00204 0.00255 0.00178982357453337 0.00434671439529532 0.00664791613398108 0.00357964714906673 89 64 60 59 72 24 25 16 77 62 69 25 0.38889 0.68254 0.6338 0.63514 0.57143 0.97674 0.91667 0.94643 0.75 0.42308 0.52174 0.65625 0.23729 0.72881 0.76271 0.79661 0.13559 0.71186 0.74576 0.89831 0.10169 0.55932 0.61017 0.71186
"9" 0.53261 0.88043 0.90217 0.96739 0.43478 0.81522 0.8587 0.94565 0.40625 0.854166666666667 0.895833333333333 0.947916666666667 0.00843 0.01048 0.00971 0.00843 0.0023 0.00358 0.00179 0.00204 0.00332565873624968 0.0048605781529803 0.00460475825019187 0.00537221795855718 104 69 68 53 88 46 27 18 95 44 47 39 0.41176 0.77941 0.75362 0.7875 0.85714 0.97959 0.98333 0.97222 1 0.49254 0.6875 0.72 0.17949 0.67949 0.66667 0.80769 0.07692 0.61538 0.75641 0.89744 0.02564 0.42308 0.5641 0.69231
"10" 0.59596 0.82828 0.90909 0.93939 0.50505 0.80808 0.90909 0.90909 0.506849315068493 0.89041095890411 0.876712328767123 0.958904109589041 0.00973 0.00794 0.00845 0.00768 0.00179 0.00205 0.0023 0.00179 0.00228891149542218 0.00712105798575788 0.00534079348931841 0.00762970498474059 106 75 71 55 77 42 28 18 65 47 36 41 0.32609 0.52941 0.5875 0.68354 0.84615 0.82353 0.85714 0.9661 0.81818 0.48 0.55128 0.61446 0.22388 0.53731 0.70149 0.80597 0.16418 0.62687 0.80597 0.85075 0.13433 0.53731 0.64179 0.76119
"11" 0.56 0.85 0.94 0.98 0.43 0.81 0.93 0.97 0.478723404255319 0.819148936170213 0.893617021276596 0.946808510638298 0.00589 0.00794 0.00615 0.00794 0.00154 0.00102 0.00077 0 0.00204551265660956 0.00460240347737152 0.00460240347737152 0.00613653796982869 99 69 66 51 85 41 20 9 85 55 46 43 0.48 0.65672 0.64706 0.7375 1 0.84314 0.98214 0.94203 1 0.5 0.48649 0.79412 0.16901 0.61972 0.61972 0.83099 0.08451 0.60563 0.77465 0.91549 0.05634 0.53521 0.50704 0.76056
"12" 0.55 0.86 0.87 0.96 0.48 0.8 0.85 0.93 0.409090909090909 0.829545454545455 0.897727272727273 0.954545454545455 0.00845 0.00845 0.01024 0.01127 0.00154 0.00256 0.00154 0.0023 0.00229767679346439 0.00408475874393669 0.00382946132244064 0.00331886647944856 107 74 77 89 85 45 31 25 88 54 39 31 0.46512 0.67606 0.63636 0.52381 0.66667 0.90741 0.9322 0.91045 1 0.44156 0.6 0.71186 0.26667 0.64 0.65333 0.58667 0.16 0.65333 0.73333 0.81333 0.10667 0.45333 0.64 0.56
"13" 0.5 0.92708 0.94792 0.97917 0.44792 0.86458 0.94792 0.95833 0.466666666666667 0.813333333333333 0.933333333333333 0.96 0.00921 0.00665 0.00921 0.0064 0.0023 0.00102 0.00179 0.00128 0.00203562340966921 0.00559796437659033 0.00585241730279898 0.00763358778625954 109 58 69 48 89 38 26 19 65 55 49 50 0.46154 0.79365 0.68831 0.80263 0.69231 0.84746 0.98387 0.98462 NA 0.64286 0.53425 0.75 0.23077 0.64103 0.67949 0.78205 0.11538 0.64103 0.78205 0.82051 0 0.57692 0.5 0.76923
"14" 0.54878 0.86585 0.96341 0.97561 0.46341 0.82927 0.93902 0.95122 0.427083333333333 0.875 0.90625 0.96875 0.00943 0.0079 0.00918 0.00918 0.00153 0.00127 0.00204 0.00153 0.00306983883346124 0.00460475825019187 0.00562803786134561 0.00383729854182655 98 63 54 56 69 33 18 13 97 56 55 33 0.28205 0.58182 0.69231 0.71429 0.6 0.78723 0.90741 0.98039 0.75 0.47761 0.47826 0.57971 0.19298 0.5614 0.78947 0.70175 0.10526 0.64912 0.85965 0.87719 0.05263 0.5614 0.57895 0.70175
"15" 0.62105 0.90526 0.94737 0.98947 0.50526 0.84211 0.95789 0.98947 0.369747899159664 0.831932773109244 0.92436974789916 0.974789915966387 0.00767 0.00895 0.0087 0.01049 0.00153 0.00256 0.00179 0.00128 0.000257334019557386 0.00386001029336078 0.00283067421513124 0.0036026762738034 92 77 62 69 81 50 22 12 103 67 42 34 0.5 0.54878 0.71622 0.65385 0.42857 0.74074 0.93548 0.95522 0.18182 0.51316 0.55814 0.6125 0.3 0.64286 0.75714 0.72857 0.04286 0.57143 0.82857 0.91429 0.02857 0.55714 0.68571 0.7
"16" 0.56322 0.86207 0.88506 0.93103 0.42529 0.7931 0.87356 0.90805 0.494117647058824 0.847058823529412 0.941176470588235 0.941176470588235 0.00919 0.00842 0.00817 0.01021 0.00179 0.00153 0.00128 0.00128 0.00153061224489796 0.00510204081632653 0.00433673469387755 0.00612244897959184 102 59 58 68 82 35 26 22 76 50 28 39 0.25714 0.79032 0.77273 0.6375 0.4 0.92 1 0.93443 1 0.50685 0.59701 0.65278 0.12676 0.69014 0.71831 0.71831 0.02817 0.64789 0.73239 0.80282 0.02817 0.52113 0.56338 0.66197
"17" 0.62667 0.89333 0.94667 0.97333 0.56 0.86667 0.89333 0.94667 0.466019417475728 0.796116504854369 0.825242718446602 0.912621359223301 0.00789 0.00941 0.01043 0.01349 0.00229 0.00229 0.0028 0.00178 0.00230650948231676 0.0061506919528447 0.00640697078421322 0.00589441312147617 91 64 66 81 67 29 35 20 94 63 66 51 0.35484 0.67273 0.66667 0.57143 1 0.95455 1 0.92453 0.83333 0.49315 0.54839 0.5 0.18644 0.62712 0.71186 0.67797 0.13559 0.71186 0.62712 0.83051 0.08475 0.61017 0.57627 0.66102
"18" 0.65217 0.83696 0.8913 0.94565 0.56522 0.79348 0.86957 0.93478 0.486111111111111 0.875 0.944444444444444 0.986111111111111 0.00767 0.01048 0.00997 0.00869 0.00179 0.00281 0.00179 0.00102 0.00279684719043987 0.0053394355453852 0.00813628273582507 0.00508517670989067 93 83 66 56 65 42 25 13 67 50 44 22 0.4878 0.55738 0.62667 0.7 0.94444 0.93023 0.94444 0.98276 1 0.42647 0.41558 0.5942 0.31746 0.53968 0.74603 0.77778 0.26984 0.63492 0.80952 0.90476 0.14286 0.46032 0.50794 0.65079
"19" 0.6506 0.85542 0.96386 1 0.57831 0.80723 0.91566 0.98795 0.385542168674699 0.771084337349398 0.843373493975904 0.891566265060241 0.00663 0.00816 0.0079 0.00892 0.00229 0.00127 0.00178 0.00255 0.00305966343702193 0.00611932687404386 0.00535441101478837 0.00356960734319225 85 64 64 55 72 28 24 17 78 53 47 33 0.29268 0.60377 0.56897 0.66154 0.33333 1 0.88889 0.94118 0.57143 0.38667 0.49231 0.64615 0.22222 0.59259 0.61111 0.7963 0.05556 0.64815 0.74074 0.88889 0.07407 0.53704 0.59259 0.77778
"20" 0.57426 0.86139 0.9604 0.9505 0.47525 0.84158 0.92079 0.94059 0.470588235294118 0.823529411764706 0.941176470588235 0.985294117647059 0.0082 0.00845 0.00768 0.00922 0.00231 0.00256 0.00154 0.00128 0.00254000508001016 0.00533401066802134 0.00558801117602235 0.00762001524003048 113 71 61 67 92 39 25 21 68 51 37 43 0.38462 0.7013 0.65957 0.70588 1 0.96552 0.95588 0.90789 1 0.59722 0.52113 0.75325 0.18293 0.65854 0.7561 0.73171 0.08537 0.68293 0.79268 0.84146 0.08537 0.52439 0.45122 0.70732
"21" 0.50575 0.85057 0.94253 0.98851 0.44828 0.8046 0.94253 0.95402 0.514285714285714 0.885714285714286 0.971428571428571 0.985714285714286 0.0097 0.01174 0.01021 0.01557 0.00281 0.00128 0.00204 0.00204 0.00330368487928844 0.00660736975857687 0.00660736975857687 0.00533672172808132 112 82 67 86 81 34 26 20 65 51 46 30 0.11905 0.52941 0.61039 0.61842 0.44444 0.90698 0.88889 0.96226 1 0.48529 0.45833 0.84483 0.07937 0.57143 0.74603 0.74603 0.06349 0.61905 0.7619 0.80952 0.03175 0.52381 0.52381 0.77778
"22" 0.58667 0.86667 0.94667 0.98667 0.49333 0.84 0.86667 0.98667 0.511111111111111 0.855555555555556 0.933333333333333 0.933333333333333 0.00891 0.01094 0.0112 0.01374 0.00382 0.00229 0.00305 0.00254 0.00280970625798212 0.00561941251596424 0.00510855683269476 0.0033205619412516 88 78 68 75 74 33 33 21 79 50 39 25 0.39286 0.50909 0.59322 0.57971 0.5 0.91892 0.86047 0.9375 1 0.32353 0.40625 0.66667 0.2037 0.51852 0.64815 0.74074 0.09259 0.62963 0.68519 0.83333 0.03704 0.40741 0.48148 0.62963
"23" 0.54255 0.80851 0.88298 0.91489 0.43617 0.78723 0.84043 0.90426 0.452054794520548 0.808219178082192 0.917808219178082 0.986301369863014 0.00793 0.0092 0.00869 0.01176 0.00128 0.00051 0.00205 0.00205 0.00305188199389624 0.00483214649033571 0.004323499491353 0.00534079348931841 103 80 65 77 83 38 33 28 74 53 33 35 0.36364 0.5303 0.77778 0.63415 0.5 0.92857 0.96296 0.94915 0.88889 0.57576 0.60938 0.65789 0.21622 0.47297 0.66216 0.7027 0.12162 0.52703 0.7027 0.75676 0.10811 0.51351 0.52703 0.67568
"24" 0.57778 0.87778 0.95556 0.95556 0.5 0.85556 0.91111 0.94444 0.511111111111111 0.8 0.911111111111111 0.966666666666667 0.00971 0.00741 0.01149 0.01149 0.00102 0.00179 0.00281 0.00358 0.00306513409961686 0.00587484035759898 0.00383141762452107 0.0053639846743295 104 53 74 74 66 31 31 20 88 57 37 34 0.31111 0.66129 0.58228 0.61644 0.73333 0.92683 0.88235 0.94915 1 0.49206 0.55556 0.6 0.22581 0.66129 0.74194 0.72581 0.17742 0.6129 0.72581 0.90323 0.06452 0.5 0.56452 0.72581
"25" 0.53684 0.81053 0.90526 0.94737 0.47368 0.72632 0.85263 0.92632 0.392523364485981 0.803738317757009 0.925233644859813 0.94392523364486 0.00742 0.01049 0.00639 0.01202 0.0023 0.00179 0.00077 0.00256 0.00179579271421242 0.00359158542842483 0.00410466906105695 0.00307850179579271 104 78 53 71 81 45 27 22 100 51 36 36 0.39474 0.67213 0.81667 0.67949 0.91667 0.95349 0.96154 0.93846 1 0.48485 0.56522 0.73913 0.20548 0.56164 0.67123 0.72603 0.15068 0.56164 0.68493 0.83562 0.12329 0.43836 0.53425 0.69863
"26" 0.58696 0.8913 0.93478 0.97826 0.48913 0.86957 0.91304 0.97826 0.506329113924051 0.848101265822785 0.89873417721519 0.962025316455696 0.00562 0.00716 0.00741 0.00792 0.00153 0.00179 0.00102 0.00128 0.00229240957717779 0.00534895568008151 0.00483953132959756 0.00458481915435558 74 57 51 48 76 34 16 17 71 52 41 30 0.68421 0.66667 0.74648 0.74324 0.83333 0.83929 0.92308 0.93443 1 0.55224 0.47826 0.72603 0.37681 0.66667 0.76812 0.7971 0.14493 0.68116 0.86957 0.82609 0.04348 0.53623 0.47826 0.76812
"27" 0.56164 0.89041 0.93151 0.94521 0.46575 0.87671 0.89041 0.90411 0.436781609195402 0.804597701149425 0.885057471264368 0.931034482758621 0.00992 0.01144 0.01119 0.01373 0.00254 0.0028 0.0028 0.00229 0.00178662582950485 0.00535987748851455 0.00484941296579888 0.00459418070444104 95 71 71 82 70 33 28 22 76 57 40 34 0.32258 0.58333 0.51852 0.51724 0.375 0.83333 0.80488 0.94737 0.66667 0.36923 0.39062 0.51923 0.21277 0.59574 0.59574 0.6383 0.06383 0.6383 0.70213 0.76596 0.04255 0.51064 0.53191 0.57447
"28" 0.52688 0.84946 0.95699 0.95699 0.45161 0.78495 0.94624 0.94624 0.472222222222222 0.842592592592593 0.925925925925926 0.972222222222222 0.0092 0.00767 0.00946 0.01099 0.00307 0.00204 0.00179 0.00153 0.00282268411598666 0.00538876058506543 0.00410572235052605 0.00307929176289453 104 65 58 72 87 36 18 17 97 62 38 26 0.5 0.72308 0.71765 0.65854 0.63158 0.94737 0.94203 0.97059 0.83333 0.52703 0.62338 0.74324 0.25333 0.62667 0.81333 0.72 0.16 0.72 0.86667 0.88 0.06667 0.52 0.64 0.73333
"29" 0.69231 0.88462 0.96154 0.97436 0.58974 0.87179 0.96154 0.97436 0.51219512195122 0.878048780487805 0.914634146341463 0.975609756097561 0.00738 0.0084 0.01171 0.00968 0.00178 0.0028 0.00204 0.00127 0.00152944175375988 0.00713739485087943 0.00433341830231965 0.00331379046647974 75 65 74 57 58 38 17 10 65 57 35 23 0.51163 0.54839 0.51429 0.65079 0.8125 0.78571 0.93333 1 1 0.4375 0.4127 0.65517 0.44 0.68 0.72 0.82 0.26 0.66 0.84 0.9 0.14 0.56 0.52 0.76
"30" 0.61905 0.91667 0.96429 0.95238 0.4881 0.89286 0.92857 0.94048 0.395604395604396 0.813186813186813 0.857142857142857 0.934065934065934 0.00765 0.00918 0.01046 0.01275 0.00255 0.00179 0.00179 0.00204 0.00204394481349004 0.00510986203372509 0.00408788962698007 0.00638732754215636 88 76 65 73 73 43 33 26 83 59 37 46 0.45714 0.56452 0.66154 0.64286 0.69231 0.86111 0.97436 0.97917 0.66667 0.42308 0.6 0.78689 0.25 0.54688 0.67188 0.70312 0.14062 0.48438 0.59375 0.73438 0.0625 0.51562 0.5625 0.75
"31" 0.53 0.84 0.93 0.97 0.45 0.76 0.91 0.96 0.464285714285714 0.869047619047619 0.904761904761905 0.928571428571429 0.00845 0.00922 0.00845 0.00896 0.00205 0.00205 0.00102 0.00179 0.00433562866615659 0.0053557765876052 0.00637592450905381 0.00357051772507014 112 83 58 60 91 45 26 24 79 51 52 31 0.38462 0.59155 0.74667 0.725 1 0.94118 0.93548 0.89041 1 0.58904 0.55556 0.61728 0.19737 0.55263 0.73684 0.76316 0.07895 0.63158 0.76316 0.85526 0.11842 0.56579 0.52632 0.65789
"32" 0.53465 0.87129 0.88119 0.93069 0.50495 0.82178 0.85149 0.91089 0.490566037735849 0.820754716981132 0.867924528301887 0.924528301886792 0.00564 0.00973 0.00743 0.00589 0.00077 0.00102 0.00051 0.00154 0.00153885611695306 0.00487304437035137 0.00589894844832008 0.00359066427289048 91 73 54 45 83 32 22 26 93 52 54 41 0.60465 0.67059 0.80247 0.85 0.82353 0.95312 1 0.95833 0.85714 0.5875 0.61905 0.69444 0.29545 0.64773 0.73864 0.77273 0.15909 0.69318 0.79545 0.78409 0.06818 0.53409 0.59091 0.56818
"33" 0.61111 0.87963 0.90741 0.97222 0.47222 0.83333 0.88889 0.96296 0.527472527472527 0.835164835164835 0.901098901098901 0.978021978021978 0.00539 0.0077 0.00719 0.00744 0.00231 0.0018 0.0018 0.00077 0.00383239652529382 0.00459887583035258 0.00332141032192131 0.0056208482370976 97 74 67 61 96 43 39 15 90 48 37 43 0.55814 0.65789 0.67857 0.66667 0.70588 0.94643 0.85294 0.94805 0.33333 0.52941 0.63492 0.7013 0.28916 0.60241 0.68675 0.74699 0.14458 0.63855 0.6988 0.87952 0.0241 0.43373 0.48193 0.6506
"34" 0.52174 0.8913 0.96739 0.97826 0.42391 0.82609 0.93478 0.96739 0.555555555555556 0.855555555555556 0.933333333333333 0.955555555555556 0.00792 0.00946 0.00767 0.00946 0.00153 0.0023 0.00153 0.00281 0.00178799489144317 0.00510855683269476 0.00613026819923372 0.00485312899106003 98 79 55 68 75 52 33 30 81 51 43 34 0.48387 0.55882 0.70588 0.63855 1 0.85714 0.88235 0.83582 1 0.39474 0.43333 0.67568 0.22388 0.56716 0.71642 0.79104 0.20896 0.44776 0.67164 0.83582 0.14925 0.44776 0.58209 0.74627
"35" 0.58065 0.88172 0.92473 0.96774 0.47312 0.84946 0.88172 0.95699 0.436170212765957 0.797872340425532 0.904255319148936 0.978723404255319 0.00665 0.00741 0.00767 0.00869 0.00204 0.00153 0.00179 0.00077 0.00332395806699054 0.00588084888775249 0.00332395806699054 0.00639222705190488 87 62 56 58 79 33 25 11 86 62 35 42 0.6 0.75439 0.72 0.68354 0.91667 0.91071 0.95082 0.97059 1 0.55405 0.57333 0.75 0.29167 0.59722 0.75 0.75 0.15278 0.70833 0.80556 0.91667 0.15278 0.56944 0.59722 0.79167
"36" 0.625 0.8 0.9375 0.975 0.575 0.775 0.8875 0.9625 0.494252873563218 0.793103448275862 0.942528735632184 0.988505747126437 0.00917 0.01172 0.01096 0.01223 0.00153 0.00229 0.0028 0.00229 0.00306278713629403 0.00433894844308321 0.00689127105666156 0.00459418070444104 91 82 74 72 62 38 30 19 84 56 48 24 0.39474 0.51786 0.60606 0.58025 0.66667 1 0.9375 0.9434 1 0.51613 0.50725 0.61017 0.25 0.48333 0.66667 0.78333 0.16667 0.55 0.75 0.83333 0.03333 0.53333 0.58333 0.6
"37" 0.60241 0.91566 0.93976 1 0.56627 0.86747 0.93976 1 0.455696202531646 0.772151898734177 0.873417721518987 0.949367088607595 0.00612 0.00943 0.00943 0.01173 0.00204 0.00178 0.00025 0.00204 0.00280183392766174 0.00611309220580744 0.00560366785532348 0.00483953132959756 78 71 65 66 66 33 11 11 75 64 47 42 0.55556 0.59615 0.59375 0.61429 0.72222 0.85366 1 0.98113 0.875 0.39744 0.46154 0.55882 0.36364 0.56364 0.69091 0.78182 0.23636 0.63636 0.85455 0.94545 0.12727 0.56364 0.54545 0.69091
"38" 0.50926 0.80556 0.88889 0.94444 0.43519 0.75 0.86111 0.94444 0.41304347826087 0.815217391304348 0.945652173913043 0.967391304347826 0.00693 0.01206 0.00924 0.00949 0.00257 0.00205 0.0018 0.00103 0.00460005111167902 0.00562228469205213 0.00664451827242525 0.00383337592639918 105 99 72 69 93 48 40 26 98 58 46 34 0.59459 0.58333 0.84286 0.73256 0.7619 0.96364 0.96923 0.87059 1 0.42105 0.66667 0.68889 0.25 0.55682 0.67045 0.71591 0.18182 0.60227 0.71591 0.84091 0.02273 0.36364 0.56818 0.70455
"39" 0.6129 0.87097 0.93548 0.97849 0.51613 0.82796 0.89247 0.93548 0.418181818181818 0.836363636363636 0.927272727272727 0.945454545454545 0.00741 0.00997 0.00946 0.00844 0.00128 0.00102 0.00102 0.00026 0.00205391527599487 0.00462130937098845 0.00410783055198973 0.00333761232349166 83 79 71 54 64 38 25 12 102 53 47 35 0.48837 0.5283 0.56923 0.67143 0.77273 0.82857 0.8913 0.98039 0.71429 0.28767 0.44444 0.54098 0.36207 0.48276 0.63793 0.81034 0.2931 0.5 0.7069 0.86207 0.08621 0.36207 0.48276 0.56897
"40" 0.56604 0.85849 0.96226 0.9717 0.4717 0.82075 0.91509 0.96226 0.432098765432099 0.864197530864197 0.925925925925926 0.950617283950617 0.00769 0.00718 0.00718 0.00923 0.00128 0.00128 0.00103 0.00154 0.00305810397553517 0.00611620795107034 0.00535168195718654 0.0035677879714577 98 62 59 64 77 29 23 20 73 53 38 33 0.54762 0.73239 0.73684 0.66667 1 0.96667 0.95455 0.92 0.875 0.53226 0.64865 0.67606 0.29114 0.65823 0.70886 0.75949 0.20253 0.73418 0.79747 0.87342 0.08861 0.41772 0.60759 0.60759
"41" 0.62637 0.86813 0.95604 0.98901 0.52747 0.83516 0.93407 0.97802 0.443181818181818 0.863636363636364 0.909090909090909 0.954545454545455 0.00613 0.00818 0.0092 0.01073 0.0023 0.00204 0.00051 0.00179 0.00255297421496043 0.00485065100842481 0.00331886647944856 0.00331886647944856 83 71 67 66 72 41 20 12 76 44 28 26 0.41667 0.58065 0.52381 0.57333 0.76923 0.82609 0.87931 0.93333 1 0.3913 0.5 0.61194 0.33898 0.61017 0.74576 0.72881 0.16949 0.64407 0.86441 0.94915 0.10169 0.45763 0.57627 0.69492
"42" 0.55102 0.82653 0.92857 0.96939 0.5102 0.81633 0.90816 0.95918 0.382716049382716 0.814814814814815 0.950617283950617 0.938271604938272 0.00589 0.00665 0.01049 0.00614 0.00077 0.00102 0.00128 0.00128 0.00127420998980632 0.00407747196738022 0.0063710499490316 0.0063710499490316 91 68 64 42 76 34 25 13 71 44 38 42 0.48571 0.625 0.72973 0.78481 1 0.92157 0.93333 0.98485 0.71429 0.54688 0.59494 0.78667 0.23288 0.54795 0.73973 0.84932 0.15068 0.64384 0.76712 0.89041 0.06849 0.47945 0.64384 0.80822
"43" 0.50962 0.85577 0.90385 0.95192 0.42308 0.80769 0.89423 0.92308 0.494252873563218 0.827586206896552 0.931034482758621 0.942528735632184 0.00692 0.00872 0.01077 0.00974 0.00154 0.00128 0.00128 0.00179 0.00153139356814701 0.00510464522715671 0.00382848392036753 0.00612557427258806 95 81 78 68 86 41 31 26 78 45 36 41 0.58537 0.62338 0.71014 0.71951 1 0.91228 0.9661 0.89189 0.6 0.62319 0.61111 0.63218 0.29268 0.58537 0.59756 0.71951 0.13415 0.63415 0.69512 0.80488 0.03659 0.52439 0.53659 0.67073
"44" 0.54217 0.90361 0.96386 1 0.46988 0.86747 0.95181 1 0.451612903225806 0.860215053763441 0.903225806451613 0.956989247311828 0.0079 0.00969 0.01147 0.01173 0.00255 0.00153 0.00178 0.00204 0.00204498977505112 0.0053680981595092 0.00383435582822086 0.00460122699386503 92 72 71 71 68 32 25 10 79 51 33 34 0.2963 0.56 0.50746 0.50633 0.66667 0.9 0.88095 0.97959 1 0.31429 0.31429 0.54098 0.16 0.56 0.68 0.8 0.12 0.54 0.74 0.96 0.04 0.44 0.44 0.66
"45" 0.58252 0.8932 0.98058 0.97087 0.51456 0.86408 0.91262 0.97087 0.438775510204082 0.76530612244898 0.928571428571429 0.959183673469388 0.00871 0.00974 0.0082 0.00871 0.00231 0.00154 0.00154 0.00205 0.00358331200409521 0.00639877143588431 0.00435116457640133 0.00511901714870745 110 72 62 66 86 32 23 19 99 65 31 39 0.48889 0.78571 0.67021 0.71429 0.73913 0.91176 0.95946 0.94872 0.57143 0.55714 0.61333 0.66265 0.2619 0.65476 0.75 0.71429 0.20238 0.7381 0.84524 0.88095 0.04762 0.46429 0.54762 0.65476
"46" 0.55435 0.86957 0.94565 0.96739 0.44565 0.82609 0.91304 0.94565 0.457446808510638 0.819148936170213 0.882978723404255 0.98936170212766 0.00716 0.00792 0.01073 0.00997 0.00128 0.00153 0.00204 0.00179 0.00281257990283815 0.00409102531321913 0.00460240347737152 0.00613653796982869 102 66 69 72 73 39 33 27 87 53 48 51 0.30952 0.60563 0.68182 0.53261 0.81818 0.88889 0.9375 0.90741 1 0.52381 0.48148 0.48571 0.19118 0.63235 0.66176 0.72059 0.13235 0.58824 0.66176 0.72059 0.02941 0.48529 0.57353 0.5
"47" 0.59302 0.89535 0.96512 0.95349 0.54651 0.84884 0.9186 0.94186 0.439393939393939 0.833333333333333 0.96969696969697 0.96969696969697 0.00944 0.00995 0.01072 0.00995 0.00102 0.00281 0.0023 0.00128 0.00177710078700178 0.00812388931200812 0.00558517390200559 0.00736227468900736 94 68 75 63 70 43 24 21 59 49 39 39 0.37778 0.5942 0.61333 0.58333 1 0.82979 0.92982 0.94231 NA 0.44776 0.47059 0.5625 0.26562 0.64062 0.71875 0.76562 0.07812 0.60938 0.82812 0.76562 0 0.46875 0.5 0.5625
"48" 0.5 0.84 0.92 0.96 0.42 0.8 0.9 0.93 0.413793103448276 0.850574712643678 0.896551724137931 0.942528735632184 0.00512 0.00691 0.01204 0.0105 0.00179 0.00154 0.0023 0.0023 0.00255232261357836 0.00433894844308321 0.00433894844308321 0.00433894844308321 100 62 85 62 90 37 28 23 84 56 45 33 0.35484 0.65753 0.56522 0.7125 0.55556 0.88889 0.90476 0.95238 1 0.42105 0.59302 0.69737 0.15068 0.65753 0.71233 0.78082 0.06849 0.65753 0.78082 0.82192 0.0274 0.43836 0.69863 0.72603
"49" 0.51485 0.86139 0.90099 0.9703 0.49505 0.82178 0.88119 0.9505 0.44 0.83 0.9 0.95 0.00794 0.00692 0.00973 0.00922 0.00128 0.00077 0.00179 0.00179 0.00179257362355954 0.00512163892445583 0.00384122919334187 0.00486555697823303 102 59 68 53 79 30 27 21 86 53 42 36 0.59375 0.79104 0.69512 0.74737 0.93333 0.93548 0.96875 0.97101 0.88889 0.63768 0.62667 0.625 0.23457 0.65432 0.7037 0.87654 0.17284 0.71605 0.76543 0.82716 0.09877 0.54321 0.58025 0.61728
"50" 0.63636 0.90909 0.96104 0.98701 0.54545 0.83117 0.92208 0.97403 0.477777777777778 0.877777777777778 0.955555555555556 0.955555555555556 0.0084 0.00967 0.01375 0.01018 0.00229 0.00255 0.00178 0.00204 0.00204342273307791 0.00383141762452107 0.0033205619412516 0.00459770114942529 87 62 82 54 61 29 18 15 78 47 35 39 0.36842 0.61111 0.46479 0.73214 0.875 0.9697 0.93023 0.9375 1 0.42647 0.46774 0.5873 0.28 0.66 0.66 0.82 0.14 0.64 0.8 0.9 0.04 0.58 0.58 0.74
"51" 0.56863 0.86275 0.93137 0.94118 0.46078 0.85294 0.88235 0.94118 0.476744186046512 0.802325581395349 0.930232558139535 0.976744186046512 0.00512 0.00589 0.00717 0.00641 0.00102 0.00102 0.00077 0.00154 0.0012758356723654 0.0025516713447308 0.0038275070170962 0.00459300842051544 91 63 52 56 85 34 27 30 73 42 42 30 0.60976 0.77941 0.76667 0.775 0.72222 0.92537 0.95714 0.93056 0.92857 0.62319 0.65333 0.7033 0.28409 0.60227 0.78409 0.70455 0.14773 0.70455 0.76136 0.76136 0.14773 0.48864 0.55682 0.72727
"52" 0.6 0.88421 0.95789 0.96842 0.53684 0.84211 0.94737 0.95789 0.477777777777778 0.788888888888889 0.877777777777778 0.9 0.00716 0.00818 0.01176 0.00844 0.00128 0.00153 0.00205 0.00128 0.00178799489144317 0.00613026819923372 0.00485312899106003 0.00740740740740741 102 62 86 52 85 43 33 11 85 63 48 57 0.29412 0.67949 0.57317 0.75309 0.33333 0.88889 0.87302 1 1 0.48649 0.41176 0.75342 0.13333 0.70667 0.62667 0.81333 0.05333 0.53333 0.73333 0.92 0.02667 0.48 0.37333 0.73333
"53" 0.46591 0.85227 0.90909 0.96591 0.39773 0.77273 0.88636 0.95455 0.489583333333333 0.84375 0.947916666666667 0.958333333333333 0.00868 0.0097 0.01072 0.01047 0.00255 0.00306 0.00179 0.00281 0.00153491941673062 0.00434893834740343 0.00358147863903812 0.00358147863903812 103 82 79 71 83 54 32 28 71 68 42 26 0.25926 0.47692 0.56923 0.61429 0.33333 0.66667 0.8913 0.76812 0 0.32143 0.45714 0.60811 0.11111 0.49206 0.5873 0.68254 0.04762 0.50794 0.65079 0.84127 0 0.28571 0.50794 0.71429
"54" 0.59551 0.8427 0.92135 0.95506 0.50562 0.80899 0.88764 0.93258 0.475609756097561 0.878048780487805 0.951219512195122 0.98780487804878 0.00868 0.00664 0.00894 0.00817 0.00281 0.00153 0.00179 0.00204 0.00178434871271986 0.00764720876879939 0.00535304613815957 0.00433341830231965 99 68 69 51 82 39 29 20 68 52 40 30 0.475 0.65152 0.71212 0.7381 0.85714 0.93878 0.95 0.93151 1 0.54839 0.54167 0.73973 0.24051 0.5443 0.59494 0.78481 0.1519 0.58228 0.72152 0.86076 0.05063 0.43038 0.49367 0.68354
"55" 0.54321 0.87654 0.96296 0.96296 0.44444 0.81481 0.95062 0.96296 0.448717948717949 0.884615384615385 0.935897435897436 0.961538461538462 0.00917 0.01147 0.00866 0.01249 0.00229 0.0028 0.00204 0.00178 0.00432900432900433 0.00407435701553349 0.00611153552330023 0.00611153552330023 101 84 56 75 76 48 26 22 79 36 45 36 0.19231 0.48529 0.59722 0.5873 0.33333 0.77143 0.89583 0.89796 NA 0.4058 0.48333 0.55 0.08772 0.57895 0.75439 0.64912 0.03509 0.47368 0.75439 0.77193 0 0.49123 0.50877 0.57895
"56" 0.55172 0.81609 0.89655 0.93103 0.47126 0.77011 0.85057 0.91954 0.48936170212766 0.808510638297872 0.882978723404255 0.957446808510638 0.00919 0.01046 0.01046 0.01072 0.00255 0.00204 0.00204 0.00153 0.00332395806699054 0.00511378164152391 0.00639222705190488 0.00409102531321913 100 77 77 71 74 45 34 21 94 65 53 36 0.4359 0.64 0.56757 0.61972 0.8125 0.88889 0.86 0.96226 0.84615 0.4717 0.47059 0.55385 0.26154 0.49231 0.64615 0.67692 0.2 0.49231 0.66154 0.78462 0.16923 0.38462 0.49231 0.55385
"57" 0.6506 0.84337 0.93976 0.93976 0.57831 0.81928 0.92771 0.93976 0.488636363636364 0.829545454545455 0.943181818181818 0.965909090909091 0.00612 0.00943 0.00816 0.01198 0.00178 0.00102 0.00153 0.00229 0.00229767679346439 0.00459535358692877 0.00153178452897626 0.00382946132244064 76 71 52 63 58 28 21 14 76 46 26 29 0.42857 0.55932 0.72414 0.59259 0.83333 0.95 0.90741 1 0.83333 0.53571 0.53846 0.53846 0.30508 0.55932 0.71186 0.81356 0.25424 0.64407 0.83051 0.91525 0.16949 0.76271 0.59322 0.59322
"58" 0.55882 0.85294 0.91176 0.98039 0.44118 0.82353 0.90196 0.98039 0.597222222222222 0.875 0.958333333333333 0.986111111111111 0.00769 0.00743 0.00897 0.00871 0.00154 0.00154 0.00205 0.00051 0.00177981184846173 0.003813882532418 0.0061022120518688 0.00661072972285787 103 61 69 59 85 40 26 16 53 43 37 34 0.4 0.76119 0.6625 0.71429 0.73333 0.92593 0.96774 0.91667 1 0.55224 0.54286 0.6506 0.26667 0.68 0.70667 0.8 0.14667 0.66667 0.8 0.88 0.10667 0.49333 0.50667 0.72
"59" 0.57 0.81 0.92 0.98 0.46 0.78 0.89 0.95 0.385416666666667 0.84375 0.927083333333333 0.927083333333333 0.00691 0.00922 0.00999 0.00871 0.00128 0.00128 0.00154 0.00102 0.00255819902788437 0.00639549756971092 0.00537221795855718 0.00434893834740343 102 82 86 67 85 42 31 25 90 55 40 37 0.38889 0.67857 0.58333 0.61702 0.83333 0.95652 0.87879 0.85135 0.71429 0.53731 0.36066 0.58571 0.18182 0.49351 0.54545 0.75325 0.06494 0.57143 0.75325 0.81818 0.06494 0.46753 0.28571 0.53247
"60" 0.56075 0.8972 0.93458 0.97196 0.47664 0.81308 0.93458 0.97196 0.472972972972973 0.851351351351351 0.918918918918919 0.945945945945946 0.00718 0.00718 0.00693 0.0059 0.00077 0.00103 0.00103 0.00103 0.00534215212414144 0.00483337573136606 0.00508776392775375 0.004070211142203 103 64 63 49 82 33 22 19 76 46 40 29 0.46154 0.67416 0.7439 0.84211 0.84211 0.93939 0.9125 0.9359 1 0.64557 0.57534 0.70513 0.28235 0.70588 0.71765 0.75294 0.18824 0.72941 0.85882 0.85882 0.04706 0.6 0.49412 0.64706
"61" 0.54717 0.79245 0.90566 0.88679 0.4434 0.75472 0.84906 0.87736 0.494117647058824 0.858823529411765 0.929411764705882 0.964705882352941 0.00667 0.0059 0.00872 0.00872 0.00103 0.00103 0.00051 0.00154 0.00229591836734694 0.00663265306122449 0.00459183673469388 0.00612244897959184 107 67 68 67 82 51 30 29 68 51 38 37 0.44737 0.77193 0.68675 0.725 0.85 0.97561 0.95161 0.95522 1 0.59677 0.56579 0.75 0.20482 0.53012 0.68675 0.6988 0.20482 0.48193 0.71084 0.77108 0.04819 0.44578 0.51807 0.6506
"62" 0.55556 0.87963 0.92593 0.96296 0.5 0.83333 0.90741 0.93519 0.511627906976744 0.872093023255814 0.930232558139535 0.976744186046512 0.00719 0.00642 0.00847 0.00949 0.00128 0.00077 0.00077 0.0018 0.00229650421025772 0.00459300842051544 0.00586884409288084 0.00433784128604236 108 56 65 63 87 33 26 19 75 37 43 32 0.46 0.80263 0.67708 0.70833 0.8125 0.95238 0.91892 0.94048 1 0.64634 0.61644 0.67021 0.26437 0.70115 0.74713 0.78161 0.14943 0.68966 0.78161 0.90805 0.06897 0.6092 0.51724 0.72414
"63" 0.54839 0.89247 0.92473 0.96774 0.48387 0.82796 0.91398 0.95699 0.467889908256881 0.825688073394495 0.917431192660551 0.963302752293578 0.00792 0.0115 0.01022 0.00895 0.00358 0.00281 0.00281 0.00204 0.00179671457905544 0.00513347022587269 0.00385010266940452 0.00282340862422998 93 81 68 61 86 38 30 18 90 59 46 30 0.48649 0.57143 0.61039 0.61842 0.53846 0.93478 0.90909 0.90323 0.75 0.46479 0.50667 0.51852 0.28125 0.625 0.73438 0.73438 0.10938 0.67188 0.78125 0.875 0.09375 0.51562 0.59375 0.65625
"64" 0.51579 0.85263 0.91579 0.98947 0.41053 0.84211 0.89474 0.96842 0.481481481481481 0.777777777777778 0.876543209876543 0.938271604938272 0.0087 0.00793 0.00997 0.01023 0.00153 0.00128 0.00281 0.0023 0.00178389398572885 0.00611620795107034 0.00509683995922528 0.0063710499490316 104 73 68 68 82 33 32 17 71 60 46 43 0.41176 0.64062 0.61538 0.64286 1 0.92727 0.89552 0.94366 1 0.51515 0.55844 0.65432 0.18919 0.55405 0.75676 0.72973 0.10811 0.68919 0.81081 0.90541 0.08108 0.45946 0.58108 0.71622
"65" 0.55208 0.89583 0.92708 0.95833 0.46875 0.84375 0.91667 0.95833 0.445652173913043 0.793478260869565 0.934782608695652 0.967391304347826 0.00742 0.0087 0.00947 0.00742 0.00205 0.00153 0.00153 0.00179 0.00255558395093279 0.0048556095067723 0.00511116790186558 0.0035778175313059 94 67 66 47 83 29 21 14 83 50 43 36 0.54054 0.68056 0.64935 0.73973 0.8 0.96364 0.94915 0.96825 1 0.51948 0.51807 0.69863 0.29851 0.73134 0.74627 0.80597 0.1194 0.79104 0.83582 0.91045 0.0597 0.59701 0.64179 0.76119
"66" 0.61111 0.86667 0.9 0.92222 0.52222 0.8 0.88889 0.91111 0.525641025641026 0.858974358974359 0.948717948717949 0.961538461538462 0.00766 0.00817 0.00945 0.01226 0.00102 0.00102 0.00128 0.00281 0.00305576776165011 0.00483829895594601 0.00509294626941686 0.00687547746371276 98 80 75 89 70 40 32 32 63 48 46 48 0.24242 0.53846 0.52941 0.50769 0.71429 0.84211 0.90909 0.88 NA 0.42188 0.53333 0.47273 0.12903 0.45161 0.58065 0.53226 0.08065 0.51613 0.64516 0.70968 0 0.43548 0.51613 0.41935
"67" 0.62353 0.87059 0.90588 0.95294 0.50588 0.81176 0.90588 0.95294 0.446808510638298 0.840425531914894 0.893617021276596 0.968085106382979 0.00893 0.00867 0.01173 0.01301 0.00332 0.0023 0.00204 0.0023 0.00357964714906673 0.00357964714906673 0.00383533623114293 0.00460240347737152 90 61 85 83 75 34 33 26 88 43 49 47 0.4898 0.75 0.55556 0.55128 0.875 0.97826 0.95349 0.91071 1 0.47887 0.48649 0.57971 0.36364 0.68182 0.5303 0.65152 0.21212 0.68182 0.62121 0.77273 0.06061 0.51515 0.54545 0.60606
"68" 0.59091 0.85227 0.94318 0.96591 0.51136 0.81818 0.88636 0.94318 0.470588235294118 0.843137254901961 0.882352941176471 0.941176470588235 0.0097 0.00817 0.00868 0.01047 0.00128 0.00128 0.00255 0.00128 0.00281834486292595 0.00384319754035357 0.00409941070971048 0.00256213169356905 100 73 61 60 67 40 39 17 97 49 41 28 0.60714 0.60317 0.67606 0.7013 1 0.94595 0.80357 0.91667 1 0.49296 0.5303 0.75385 0.26154 0.58462 0.73846 0.83077 0.23077 0.53846 0.69231 0.84615 0.13846 0.53846 0.53846 0.75385
"69" 0.58511 0.93617 0.93617 0.96809 0.56383 0.8617 0.90426 0.96809 0.425531914893617 0.808510638297872 0.893617021276596 0.925531914893617 0.00537 0.00588 0.0092 0.0069 0.00051 0.00077 0.0023 0.00051 0.00204551265660956 0.00613653796982869 0.00332395806699054 0.00485809255944771 90 63 68 58 68 43 33 12 83 65 35 33 0.38235 0.63077 0.61333 0.71622 1 0.83333 0.89474 0.98413 1 0.57576 0.51562 0.67532 0.18056 0.56944 0.63889 0.73611 0.19444 0.55556 0.70833 0.86111 0.05556 0.52778 0.45833 0.72222
"70" 0.58696 0.8913 0.93478 0.98913 0.5 0.8587 0.92391 0.96739 0.393617021276596 0.872340425531915 0.914893617021277 0.946808510638298 0.00639 0.01022 0.00869 0.00767 0.00153 0.00128 0.00153 0.00051 0.00332395806699054 0.00306826898491434 0.00281257990283815 0.00460240347737152 88 68 61 54 69 35 16 9 90 37 30 38 0.59375 0.64103 0.63855 0.68235 0.9375 0.89583 0.93939 0.95652 0.8 0.47945 0.54286 0.70238 0.27941 0.73529 0.77941 0.85294 0.22059 0.63235 0.91176 0.97059 0.05882 0.51471 0.55882 0.86765
"71" 0.54545 0.87879 0.94949 0.94949 0.46465 0.80808 0.91919 0.92929 0.436170212765957 0.861702127659574 0.893617021276596 0.925531914893617 0.00845 0.00768 0.00896 0.0087 0.00179 0.00077 0.00256 0.00179 0.00204551265660956 0.00357964714906673 0.00434671439529532 0.00485809255944771 103 77 64 63 83 44 33 26 87 41 52 43 0.4878 0.58904 0.69444 0.68493 0.76923 0.90698 0.9 0.91667 1 0.44615 0.41975 0.65079 0.28169 0.60563 0.70423 0.70423 0.14085 0.5493 0.76056 0.77465 0.11268 0.40845 0.47887 0.57746
"72" 0.5625 0.875 0.925 0.9625 0.525 0.8375 0.9 0.95 0.449438202247191 0.842696629213483 0.898876404494382 0.966292134831461 0.0079 0.01121 0.01121 0.01121 0.00229 0.00408 0.0028 0.00229 0.00280898876404494 0.00510725229826353 0.00510725229826353 0.004341164453524 92 73 70 62 65 36 32 16 82 50 41 34 0.2973 0.62295 0.62295 0.58025 0.9 0.95455 0.85714 0.89655 1 0.46774 0.45161 0.71667 0.19298 0.66667 0.66667 0.82456 0.15789 0.73684 0.73684 0.91228 0.07018 0.50877 0.49123 0.75439
"73" 0.63158 0.85526 0.96053 1 0.51316 0.84211 0.94737 0.98684 0.487179487179487 0.82051282051282 0.897435897435897 0.961538461538462 0.00789 0.00993 0.00967 0.01273 0.00204 0.00204 0.00127 0.00255 0.0017825311942959 0.00509294626941686 0.00381970970206264 0.00458365164247517 82 70 50 68 61 39 15 16 68 49 38 39 0.48276 0.59615 0.69355 0.6 0.81818 0.7619 0.93878 0.92593 1 0.27419 0.57377 0.51351 0.26415 0.58491 0.81132 0.84906 0.16981 0.60377 0.86792 0.9434 0.07547 0.32075 0.66038 0.71698
"74" 0.58242 0.86813 0.94505 0.95604 0.46154 0.79121 0.92308 0.95604 0.509615384615385 0.836538461538462 0.875 0.942307692307692 0.00537 0.00792 0.00971 0.00945 0.00204 0.00179 0.00153 0.0023 0.00230710074339913 0.00384516790566521 0.00307613432453217 0.00358882337862087 85 69 73 58 78 46 27 21 93 51 43 36 0.45455 0.61667 0.56452 0.67164 0.55556 0.7381 0.91489 0.94545 1 0.45455 0.45902 0.62319 0.2381 0.5873 0.55556 0.71429 0.07937 0.49206 0.68254 0.8254 0.06349 0.47619 0.44444 0.68254
"75" 0.64773 0.88636 0.94318 0.97727 0.53409 0.88636 0.92045 0.95455 0.461538461538462 0.857142857142857 0.923076923076923 0.967032967032967 0.00791 0.01098 0.00894 0.00919 0.00153 0.0023 0.00179 0.00204 0.00153295861011753 0.00408788962698007 0.0056208482370976 0.0056208482370976 88 72 62 56 67 23 24 15 78 56 52 46 0.5098 0.66154 0.62195 0.65882 0.78947 0.96429 0.90164 0.91304 1 0.54054 0.51389 0.64 0.4 0.66154 0.78462 0.86154 0.23077 0.83077 0.84615 0.96923 0.12308 0.61538 0.56923 0.73846
"76" 0.45556 0.82222 0.85556 0.95556 0.45556 0.78889 0.84444 0.93333 0.435897435897436 0.807692307692308 0.884615384615385 0.974358974358974 0.00868 0.01022 0.00843 0.01175 0.00153 0.00255 0.00128 0.00204 0.00254647313470843 0.00458365164247517 0.0053475935828877 0.00483829895594601 106 81 64 65 76 46 28 22 69 47 49 43 0.37931 0.62069 0.66667 0.69737 0.73333 0.86957 0.94118 0.89062 0.66667 0.4507 0.55882 0.72059 0.15942 0.52174 0.66667 0.76812 0.15942 0.57971 0.69565 0.82609 0.11594 0.46377 0.55072 0.71014
"77" 0.59302 0.87209 0.94186 0.98837 0.56977 0.80233 0.90698 0.96512 0.425742574257426 0.821782178217822 0.891089108910891 0.98019801980198 0.00817 0.0074 0.01072 0.01123 0.0023 0.00179 0.00204 0.00102 0.00204918032786885 0.0038422131147541 0.00307377049180328 0.00512295081967213 94 68 68 66 63 45 27 19 91 49 40 42 0.26471 0.62264 0.65625 0.58427 1 0.81081 0.97826 0.96 1 0.42623 0.46552 0.70312 0.14754 0.54098 0.68852 0.85246 0.19672 0.4918 0.7377 0.78689 0.11475 0.42623 0.44262 0.7377
"78" 0.68421 0.88421 0.93684 0.95789 0.58947 0.82105 0.92632 0.94737 0.578313253012048 0.867469879518072 0.91566265060241 0.987951807228916 0.00691 0.00793 0.00818 0.00691 0.00205 0.0023 0.00179 0.00153 0.00229474757776645 0.00433452320244773 0.00611932687404386 0.00688424273329934 92 58 61 50 72 36 17 15 70 54 48 46 0.43137 0.74286 0.69444 0.78873 0.64516 0.92593 0.9403 0.94366 1 0.61644 0.5679 0.62857 0.30556 0.72222 0.69444 0.77778 0.27778 0.69444 0.875 0.93056 0.15278 0.625 0.63889 0.61111
"79" 0.64356 0.84158 0.87129 0.94059 0.52475 0.81188 0.83168 0.91089 0.43956043956044 0.879120879120879 0.901098901098901 0.967032967032967 0.00512 0.0082 0.00743 0.0082 0.00179 0.00179 0.00102 0.00205 0.00229943791517629 0.00434338272866633 0.00459887583035258 0.00229943791517629 91 80 65 59 83 46 34 22 86 41 40 19 0.46939 0.54023 0.6506 0.72619 0.59259 0.78125 0.92593 0.92 0.66667 0.52 0.57333 0.61628 0.2875 0.5875 0.675 0.7625 0.2 0.625 0.625 0.8625 0.075 0.4875 0.5375 0.6625
"80" 0.60784 0.92157 0.95098 0.98039 0.46078 0.88235 0.95098 0.97059 0.410526315789474 0.842105263157895 0.905263157894737 0.936842105263158 0.00666 0.00487 0.00589 0.00974 0.00154 0.00026 0.00102 0.00179 0.00153452685421995 0.0051150895140665 0.00281329923273657 0.00460358056265985 93 45 41 67 96 26 15 19 77 57 29 38 0.63043 0.80488 0.78947 0.7234 0.6 0.90541 0.97468 0.90805 0.44444 0.65432 0.73239 0.76316 0.32955 0.75 0.85227 0.77273 0.06818 0.76136 0.875 0.89773 0.04545 0.60227 0.59091 0.65909
"81" 0.54217 0.84337 0.89157 0.9759 0.43373 0.83133 0.89157 0.93976 0.459183673469388 0.857142857142857 0.857142857142857 0.887755102040816 0.00765 0.00867 0.01147 0.01122 0.00204 0.00051 0.00153 0.00153 0.00127975428717686 0.0046071154338367 0.00435116457640133 0.0046071154338367 89 69 74 72 69 34 26 21 89 46 43 41 0.40909 0.54545 0.54286 0.51282 1 0.82857 0.86 0.85714 1 0.34286 0.47059 0.6129 0.16667 0.55556 0.7037 0.74074 0.11111 0.53704 0.7963 0.88889 0.03704 0.44444 0.59259 0.7037
"82" 0.49474 0.85263 0.94737 0.94737 0.41053 0.78947 0.91579 0.94737 0.524390243902439 0.841463414634146 0.926829268292683 0.963414634146341 0.00972 0.00767 0.00946 0.00997 0.0023 0.00153 0.00256 0.0023 0.00305888350751976 0.00509813917919959 0.00509813917919959 0.00407851134335967 106 67 63 57 83 45 36 20 73 46 36 31 0.35294 0.72222 0.69697 0.67089 1 0.85366 0.78689 0.91935 0.66667 0.45833 0.52459 0.55422 0.18182 0.59091 0.69697 0.80303 0.0303 0.5303 0.72727 0.86364 0.06061 0.5 0.48485 0.69697
"83" 0.61111 0.87778 0.86667 0.96667 0.51111 0.83333 0.85556 0.94444 0.460526315789474 0.828947368421053 0.894736842105263 0.934210526315789 0.00817 0.00715 0.00868 0.00715 0.00153 0.00204 0.00128 0.00102 0.00254517688979384 0.00534487146856707 0.00432680071264953 0.00687197760244337 94 58 65 50 63 30 23 20 68 59 33 38 0.43902 0.65625 0.64706 0.76119 0.86957 0.93617 0.94231 0.86154 1 0.46914 0.49315 0.62857 0.27692 0.64615 0.67692 0.78462 0.30769 0.67692 0.75385 0.86154 0.12308 0.58462 0.55385 0.67692
"84" 0.53846 0.75824 0.93407 0.96703 0.50549 0.75824 0.86813 0.94505 0.43956043956044 0.846153846153846 0.89010989010989 0.956043956043956 0.00945 0.00996 0.00741 0.01277 0.00204 0.00281 0.00179 0.00255 0.00255493101686254 0.00587634133878385 0.00408788962698007 0.00357690342360756 108 87 60 72 71 56 26 16 88 61 47 34 0.28571 0.49296 0.59722 0.57317 1 0.66 0.97778 0.98182 0.71429 0.4 0.54688 0.61333 0.20339 0.59322 0.72881 0.79661 0.16949 0.55932 0.74576 0.91525 0.08475 0.44068 0.59322 0.77966
"85" 0.575 0.8625 0.9375 1 0.45 0.8375 0.9 0.9625 0.493670886075949 0.848101265822785 0.911392405063291 0.962025316455696 0.01019 0.01019 0.00968 0.01299 0.00331 0.00306 0.00102 0.00153 0.00178298522669384 0.00509424350483953 0.00483953132959756 0.00509424350483953 92 75 72 69 76 50 20 23 71 47 32 31 0.39474 0.5614 0.59677 0.66667 0.71429 0.83333 0.95745 0.86275 1 0.40625 0.6 0.72131 0.25424 0.54237 0.62712 0.77966 0.08475 0.42373 0.76271 0.74576 0.11864 0.44068 0.55932 0.74576
"86" 0.53488 0.87209 0.94186 0.98837 0.43023 0.84884 0.90698 0.98837 0.441558441558442 0.831168831168831 0.922077922077922 0.961038961038961 0.00766 0.01021 0.01123 0.01225 0.00204 0.00255 0.00179 0.0023 0.00280040733197556 0.00712830957230143 0.00560081466395112 0.00814663951120163 97 75 74 64 82 40 30 13 66 63 47 53 0.41935 0.61194 0.63768 0.68293 1 0.88462 1 0.98462 1 0.46053 0.5 0.62667 0.19118 0.60294 0.64706 0.82353 0.05882 0.67647 0.67647 0.94118 0.02941 0.51471 0.51471 0.69118
"87" 0.54286 0.79048 0.90476 0.93333 0.47619 0.79048 0.85714 0.93333 0.5 0.819148936170213 0.893617021276596 0.914893617021277 0.00667 0.00692 0.00872 0.00846 0.00154 0.00077 0.00154 0.00179 0.00281257990283815 0.00588084888775249 0.00485809255944771 0.00511378164152391 101 77 66 62 92 48 33 22 85 63 39 45 0.51064 0.72727 0.74699 0.72826 0.85714 0.90909 0.95588 0.93827 0.92308 0.64 0.65476 0.72727 0.26667 0.53333 0.68889 0.74444 0.13333 0.55556 0.72222 0.84444 0.13333 0.53333 0.61111 0.71111
"88" 0.62264 0.85849 0.9434 0.99057 0.4717 0.81132 0.92453 0.9717 0.516129032258065 0.817204301075269 0.946236559139785 0.967741935483871 0.00436 0.00744 0.00769 0.00667 0.00077 0.00205 0.00205 0.00026 0.00357873210633947 0.00511247443762781 0.00460122699386503 0.00485685071574642 89 74 63 48 85 46 30 17 80 55 37 37 0.61111 0.69014 0.75714 0.82716 0.875 0.92727 0.95522 0.9726 1 0.55072 0.61429 0.76316 0.2619 0.58333 0.63095 0.79762 0.16667 0.60714 0.7619 0.84524 0.13095 0.45238 0.5119 0.69048
"89" 0.6 0.91111 0.95556 0.95556 0.47778 0.88889 0.94444 0.95556 0.505747126436782 0.816091954022989 0.919540229885057 0.954022988505747 0.00715 0.00894 0.00664 0.01252 0.0023 0.00179 0.00102 0.0023 0.00255232261357836 0.00587034201123022 0.00510464522715671 0.0071465033180194 87 70 48 74 73 34 16 16 77 62 44 49 0.5 0.68852 0.73913 0.58889 0.86667 0.95556 0.95161 0.93939 1 0.44444 0.50746 0.6338 0.32836 0.62687 0.76119 0.79104 0.19403 0.64179 0.8806 0.92537 0.13433 0.47761 0.50746 0.67164
"90" 0.52222 0.88889 0.94444 0.96667 0.44444 0.78889 0.91111 0.96667 0.459183673469388 0.795918367346939 0.908163265306122 0.959183673469388 0.00971 0.00715 0.01098 0.00843 0.0023 0.00179 0.00255 0.00102 0.00332736114665984 0.00537496800614282 0.00383926286153059 0.0046071154338367 108 57 80 53 80 37 38 18 95 59 28 37 0.34211 0.7931 0.54167 0.75 0.9 0.95556 0.88679 0.9661 1 0.5 0.53125 0.72857 0.1831 0.64789 0.5493 0.71831 0.12676 0.60563 0.66197 0.80282 0.05634 0.39437 0.47887 0.71831
"91" 0.58889 0.9 0.93333 0.98889 0.51111 0.86667 0.92222 0.95556 0.444444444444444 0.839506172839506 0.925925925925926 0.91358024691358 0.00715 0.0069 0.00996 0.00843 0.00153 0.00102 0.00051 0.00077 0.00331294597349643 0.00535168195718654 0.00560652395514781 0.00433231396534149 97 55 70 67 69 21 19 22 81 50 49 34 0.46875 0.74242 0.65789 0.63636 0.9 0.9661 0.98246 0.90476 0.53846 0.65385 0.625 0.56579 0.21429 0.7 0.71429 0.7 0.25714 0.81429 0.8 0.81429 0.1 0.72857 0.5 0.61429
"92" 0.53535 0.87879 0.87879 0.9697 0.40404 0.80808 0.86869 0.92929 0.413793103448276 0.931034482758621 0.931034482758621 0.977011494252874 0.00742 0.00691 0.01152 0.00896 0.00256 0.00154 0.00307 0.00154 0.00280755487493619 0.00459418070444104 0.00433894844308321 0.0035732516590097 101 73 77 63 95 51 38 29 80 29 35 24 0.47222 0.65385 0.70769 0.65882 0.66667 0.77083 0.91071 0.86567 0 0.5 0.6087 0.71429 0.22667 0.45333 0.61333 0.74667 0.08 0.49333 0.68 0.77333 0 0.44 0.56 0.66667
"93" 0.57609 0.8587 0.93478 0.97826 0.46739 0.81522 0.91304 0.94565 0.475728155339806 0.815533980582524 0.951456310679612 0.970873786407767 0.00741 0.00792 0.00767 0.00971 0.00256 0.00102 0.00179 0.0023 0.00256278831368529 0.00563813429010764 0.00589441312147617 0.00538185545873911 94 63 54 56 89 33 23 19 90 53 48 37 0.43902 0.73134 0.75949 0.7234 0.57143 0.92593 0.91429 0.93333 NA 0.59459 0.62903 0.69412 0.23077 0.62821 0.76923 0.87179 0.05128 0.64103 0.82051 0.89744 0 0.5641 0.5 0.75641
"94" 0.56579 0.90789 0.97368 1 0.47368 0.84211 0.94737 1 0.454545454545455 0.848484848484849 0.878787878787879 0.909090909090909 0.00993 0.0084 0.01094 0.01298 0.00178 0.00204 0.00305 0.00229 0.00332821300563236 0.00486431131592422 0.003584229390681 0.00460829493087558 89 65 64 71 66 34 28 14 93 55 41 34 0.41176 0.59259 0.59375 0.51852 0.71429 0.88571 0.925 0.95833 0.66667 0.4127 0.39655 0.57143 0.27451 0.62745 0.7451 0.82353 0.09804 0.60784 0.72549 0.90196 0.07843 0.5098 0.45098 0.70588
"95" 0.59783 0.86957 0.95652 0.98913 0.51087 0.82609 0.93478 0.96739 0.41304347826087 0.782608695652174 0.858695652173913 0.923913043478261 0.00894 0.00869 0.00818 0.00792 0.00204 0.00102 0.00102 0.0023 0.00230002555583951 0.00562228469205213 0.00587784308714541 0.00255558395093279 100 64 58 56 78 33 23 21 86 71 56 40 0.38095 0.67692 0.68919 0.69737 0.77778 0.95455 0.9 0.87879 1 0.6 0.5125 0.71642 0.24242 0.66667 0.77273 0.80303 0.10606 0.63636 0.81818 0.87879 0.12121 0.63636 0.62121 0.72727
"96" 0.49485 0.85567 0.90722 0.92784 0.43299 0.82474 0.87629 0.90722 0.444444444444444 0.828282828282828 0.919191919191919 0.95959595959596 0.00896 0.00768 0.00972 0.00819 0.00179 0.00205 0.00128 0.00102 0.00230414746543779 0.00716845878136201 0.00409626216077829 0.00332821300563236 111 68 70 59 86 44 30 17 92 63 38 40 0.29268 0.64062 0.65385 0.68354 0.58333 0.82692 0.84375 0.98333 0.75 0.43038 0.56757 0.7027 0.16901 0.57746 0.71831 0.76056 0.09859 0.60563 0.76056 0.83099 0.08451 0.47887 0.59155 0.73239
"97" 0.50633 0.88608 0.94937 0.97468 0.48101 0.82278 0.91139 0.97468 0.494252873563218 0.885057471264368 0.954022988505747 0.977011494252874 0.00866 0.0107 0.01019 0.0135 0.0028 0.00153 0.00204 0.0028 0.00229709035222052 0.00587034201123022 0.00510464522715671 0.00535987748851455 92 71 66 74 68 30 30 19 78 56 31 44 0.35484 0.59615 0.57576 0.5873 0.83333 0.97143 0.83721 0.90196 1 0.52542 0.48333 0.59677 0.20755 0.58491 0.71698 0.69811 0.18868 0.64151 0.67925 0.86792 0.03774 0.58491 0.54717 0.69811
"98" 0.58416 0.89109 0.93069 0.93069 0.49505 0.83168 0.89109 0.91089 0.5 0.855769230769231 0.913461538461538 0.942307692307692 0.00768 0.0082 0.00564 0.00922 0.00282 0.00154 0.00154 0.00128 0.00179441168931043 0.00333247885157652 0.00384516790566521 0.00333247885157652 101 72 49 69 86 35 28 25 89 56 45 28 0.4375 0.63514 0.77632 0.63333 0.6 0.91071 0.95161 0.95161 1 0.5 0.61765 0.62963 0.27273 0.61039 0.76623 0.74026 0.19481 0.66234 0.76623 0.76623 0.09091 0.46753 0.54545 0.66234
"99" 0.51724 0.87356 0.94253 0.96552 0.49425 0.81609 0.89655 0.95402 0.417582417582418 0.824175824175824 0.923076923076923 0.956043956043956 0.00791 0.00995 0.00868 0.00995 0.0023 0.00204 0.00051 0.00051 0.00204394481349004 0.00357690342360756 0.00485436893203883 0.00459887583035258 95 64 56 54 76 42 21 8 83 39 46 34 0.5 0.69444 0.74286 0.69663 0.71429 0.87234 0.96364 0.98485 1 0.49367 0.54545 0.77381 0.2 0.71429 0.74286 0.88571 0.14286 0.58571 0.75714 0.92857 0.04286 0.55714 0.51429 0.92857
"100" 0.53846 0.85714 0.91209 0.96703 0.45055 0.8022 0.89011 0.96703 0.465909090909091 0.840909090909091 0.931818181818182 0.943181818181818 0.01022 0.00843 0.00741 0.01175 0.00255 0.00102 0.00204 0.0023 0.00280827163645647 0.00612713811590503 0.00459535358692877 0.00408475874393669 107 67 56 70 82 37 34 24 78 60 43 35 0.31111 0.64407 0.67606 0.7 0.6 0.86047 0.83333 0.88525 1 0.38806 0.48611 0.55844 0.21538 0.58462 0.73846 0.75385 0.09231 0.56923 0.69231 0.83077 0.06154 0.4 0.53846 0.66154
