"V1" "V2" "V3" "V4" "V5" "V6" "V7" "V8" "V9" "V10" "V11" "V12" "V13" "V14" "V15" "V16" "V17" "V18" "V19" "V20" "V21" "V22" "V23" "V24" "V25" "V26" "V27" "V28" "V29" "V30" "V31" "V32" "V33" "V34" "V35" "V36" "V37" "V38" "V39" "V40" "V41" "V42" "V43" "V44" "V45" "V46" "V47" "V48" "V49" "V50" "V51" "V52" "V53" "V54" "V55" "V56" "V57" "V58" "V59" "V60"
"1" 0.58974 0.87179 0.87179 0.89744 0.51282 0.82051 0.87179 0.87179 0.444444444444444 0.844444444444444 0.866666666666667 0.933333333333333 0.00736 0.01157 0.00841 0.01157 0.0021 0.00315 0 0.00421 0.00105820105820106 0.00529100529100529 0.00317460317460317 0.00105820105820106 29 26 22 19 28 17 10 15 36 18 12 5 0.72727 0.65217 0.70833 0.91667 0.75 0.88889 1 0.82609 1 0.56522 0.69565 0.88 0.27586 0.51724 0.58621 0.75862 0.2069 0.55172 0.65517 0.65517 0.10345 0.44828 0.55172 0.75862
"2" 0.625 0.875 0.925 1 0.425 0.8 0.9 0.975 0.368421052631579 0.868421052631579 0.894736842105263 0.973684210526316 0.01158 0.01474 0.01158 0.01158 0.00316 0.00316 0.00105 0.00211 0.00315126050420168 0.00525210084033613 0.00525210084033613 0.00525210084033613 40 31 18 19 36 18 9 5 35 21 17 13 0.66667 0.72414 0.82857 0.84848 0.85714 0.95652 1 1 0.85714 0.76 0.73077 1 0.27778 0.58333 0.80556 0.77778 0.16667 0.61111 0.77778 0.91667 0.16667 0.52778 0.52778 0.75
"3" 0.58333 0.83333 0.91667 0.97917 0.4375 0.83333 0.89583 0.97917 0.51219512195122 0.878048780487805 0.926829268292683 0.902439024390244 0.01274 0.01062 0.01168 0.0138 0 0.00318 0.00425 0.00106 0.00105374077976818 0.0147523709167545 0.00632244467860906 0.00632244467860906 48 30 27 23 38 14 14 6 32 25 19 12 0.35294 0.75 0.76471 0.85714 1 0.96296 0.87879 0.94444 NA 0.67742 0.8 0.89474 0.16216 0.48649 0.7027 0.81081 0.08108 0.7027 0.78378 0.91892 0 0.56757 0.64865 0.91892
"4" 0.67568 0.91892 0.94595 0.97297 0.56757 0.86486 0.94595 0.94595 0.46 0.9 0.9 0.96 0.01259 0.01154 0.0042 0.01469 0.0021 0.00105 0.00105 0.0021 0.00106382978723404 0.00106382978723404 0.00425531914893617 0.00638297872340425 36 25 10 21 25 8 3 4 43 15 15 16 0.2 0.5 0.72727 0.59259 NA 0.92857 1 1 NA 0.46154 0.8 0.89474 0.11111 0.83333 0.88889 0.88889 0 0.72222 0.88889 0.94444 0 0.66667 0.88889 0.94444
"5" 0.6 0.8 0.86667 0.91111 0.44444 0.75556 0.84444 0.88889 0.433962264150943 0.830188679245283 0.924528301886792 0.943396226415094 0.00635 0.00635 0.01164 0.01481 0.00212 0.00212 0.00212 0.00317 0 0.0064034151547492 0.0032017075773746 0.00106723585912487 35 28 25 31 41 23 14 21 44 28 11 11 0.63158 0.73333 0.78788 0.76667 0.8 0.875 0.92857 0.81481 0.85714 0.73913 0.83333 0.76923 0.32432 0.59459 0.7027 0.62162 0.10811 0.56757 0.7027 0.59459 0.16216 0.45946 0.67568 0.54054
"6" 0.57692 0.90385 0.96154 0.98077 0.5 0.88462 0.88462 0.98077 0.578947368421053 0.894736842105263 0.973684210526316 1 0.00853 0.00533 0.00746 0.00746 0.00107 0.00107 0.00107 0 0.00210084033613445 0.00420168067226891 0.00420168067226891 0.00840336134453781 45 24 25 16 40 17 14 4 32 20 6 16 0.4375 0.72727 0.65789 0.75 1 0.91667 0.89655 0.94286 0.46154 0.58065 0.67742 0.86486 0.19444 0.66667 0.69444 0.83333 0.13889 0.61111 0.72222 0.91667 0.16667 0.5 0.58333 0.88889
"7" 0.65957 0.82979 0.91489 0.95745 0.48936 0.80851 0.89362 0.93617 0.465116279069767 0.837209302325581 0.906976744186046 0.976744186046512 0.00636 0.00636 0.0106 0.0106 0.00212 0.00106 0.00212 0.00318 0.00105596620908131 0.00422386483632524 0.00527983104540655 0.00316789862724393 39 27 27 24 39 24 18 15 34 15 17 9 0.5 0.66667 0.75862 0.71429 0.66667 0.78947 0.86957 0.95833 0.75 0.625 0.72414 0.87097 0.22857 0.51429 0.62857 0.71429 0.17143 0.42857 0.57143 0.65714 0.17143 0.42857 0.6 0.77143
"8" 0.54545 0.79545 0.93182 0.95455 0.40909 0.70455 0.84091 0.95455 0.48936170212766 0.829787234042553 0.872340425531915 0.936170212765957 0.01057 0.01163 0.00846 0.00951 0.00106 0.00317 0.00211 0 0.0031813361611877 0.00106044538706257 0.00424178154825027 0.00742311770943796 43 27 18 15 38 24 13 2 39 16 20 10 0.33333 0.67742 0.78125 0.81818 NA 1 0.92 1 NA 0.69565 0.86957 0.78125 0.15625 0.65625 0.78125 0.84375 0 0.40625 0.71875 0.9375 0 0.5 0.625 0.78125
"9" 0.65306 0.91837 0.89796 0.95918 0.53061 0.85714 0.89796 0.95918 0.44 0.86 0.9 0.92 0.01169 0.00531 0.00956 0.01063 0.00213 0.00213 0.00106 0.00213 0.00319148936170213 0.00531914893617021 0.00106382978723404 0.00319148936170213 42 13 25 18 39 13 8 7 43 24 11 11 0.73684 0.89474 0.83871 0.875 0.8 0.9697 0.97222 0.97368 0.85714 0.75 0.82353 0.89474 0.33333 0.80952 0.61905 0.83333 0.19048 0.7619 0.83333 0.88095 0.28571 0.64286 0.66667 0.80952
"10" 0.62264 0.83019 0.88679 0.9434 0.56604 0.77358 0.88679 0.9434 0.5 0.791666666666667 0.895833333333333 1 0.00961 0.00427 0.00961 0.01067 0 0.00213 0.0032 0.00107 0.00212314225053079 0.00424628450106157 0.00636942675159236 0.00743099787685775 48 23 28 30 39 23 18 14 40 26 17 13 0.54545 0.86111 0.83333 0.82857 0.91667 0.96667 0.85366 0.94737 0.8 0.75676 0.74419 0.91667 0.25 0.64583 0.625 0.60417 0.22917 0.60417 0.72917 0.75 0.16667 0.58333 0.66667 0.6875
"11" 0.5814 0.86047 0.88372 1 0.46512 0.83721 0.88372 0.97674 0.326923076923077 0.884615384615385 0.903846153846154 0.961538461538462 0.00634 0.01267 0.01373 0.00845 0.00106 0.00422 0.00317 0.00106 0.00213219616204691 0.00106609808102345 0.00426439232409382 0.00746268656716418 41 29 25 13 39 23 17 6 50 25 15 18 0.42857 0.73077 0.75 0.90909 0.5 0.88889 0.88462 1 1 0.59259 0.69231 0.90625 0.08824 0.55882 0.79412 0.88235 0.05882 0.47059 0.67647 0.88235 0.05882 0.47059 0.79412 0.85294
"12" 0.64286 0.88095 0.90476 0.97619 0.52381 0.83333 0.90476 0.95238 0.5 0.882352941176471 0.970588235294118 0.970588235294118 0.00949 0.00633 0.01266 0.00844 0.00105 0.00105 0.00211 0.00316 0.00209205020920502 0.00313807531380753 0.00209205020920502 0.00523012552301255 37 23 26 11 33 20 8 5 26 8 5 6 0.54545 0.77778 0.76 0.96552 0.5 0.86667 1 1 0.66667 0.82353 0.66667 1 0.2069 0.48276 0.65517 0.96552 0.06897 0.44828 0.86207 1 0.06897 0.48276 0.55172 1
"13" 0.53704 0.77778 0.83333 0.88889 0.44444 0.75926 0.7963 0.87037 0.446428571428571 0.732142857142857 0.875 0.946428571428571 0.00855 0.00855 0.01068 0.01068 0.00214 0.00321 0.00427 0.00427 0 0.00321199143468951 0.00321199143468951 0.00214132762312634 48 29 34 29 46 24 29 19 42 33 24 12 0.47619 0.86667 0.70588 0.84375 1 1 0.875 0.96875 1 0.67742 0.66667 0.96875 0.21739 0.56522 0.52174 0.58696 0.1087 0.54348 0.45652 0.67391 0.06522 0.45652 0.30435 0.67391
"14" 0.71795 0.92308 0.97436 0.94872 0.53846 0.89744 0.94872 0.94872 0.590909090909091 0.863636363636364 0.977272727272727 0.954545454545455 0.00841 0.01157 0.00841 0.01157 0.0021 0.00105 0.00315 0.0021 0.00211416490486258 0.00211416490486258 0.00528541226215645 0.00422832980972516 30 28 16 22 31 16 12 6 32 18 18 15 0.57143 0.57143 0.875 0.82609 1 0.83333 0.86957 0.96 NA 0.53333 0.90909 0.88 0.28571 0.57143 0.75 0.67857 0.07143 0.53571 0.71429 0.85714 0 0.57143 0.71429 0.78571
"15" 0.54545 0.78182 0.89091 0.92727 0.43636 0.76364 0.87273 0.92727 0.488372093023256 0.837209302325581 0.906976744186046 0.976744186046512 0.00642 0.0107 0.00963 0.0107 0.00214 0.00107 0 0.00214 0.00633579725448786 0.00739176346356917 0.00316789862724393 0.00527983104540655 47 31 23 20 45 21 14 10 38 28 10 20 0.47059 0.67647 0.82051 0.85 0.75 0.92 0.93939 0.97222 0.83333 0.64516 0.73684 0.88889 0.19048 0.54762 0.7619 0.80952 0.14286 0.54762 0.7381 0.83333 0.11905 0.47619 0.66667 0.7619
"16" 0.61538 0.84615 0.92308 0.97436 0.53846 0.82051 0.82051 0.94872 0.462962962962963 0.833333333333333 0.925925925925926 0.962962962962963 0.01472 0.01367 0.01052 0.01472 0.00315 0.00105 0.00631 0.0021 0.00213675213675214 0.00534188034188034 0.00427350427350427 0.00427350427350427 37 28 25 23 29 18 20 5 46 23 17 12 0.64286 0.69565 0.68966 0.82609 0.77778 0.82353 0.78261 1 0.77778 0.6 0.72727 0.95833 0.33333 0.59259 0.74074 0.7037 0.25926 0.51852 0.66667 0.88889 0.25926 0.44444 0.59259 0.85185
"17" 0.62222 0.91111 0.95556 1 0.55556 0.86667 0.93333 0.97778 0.475 0.875 0.95 0.975 0.00529 0.01164 0.01376 0.00952 0 0.00106 0.00423 0.00212 0.00210526315789474 0.00736842105263158 0.00526315789473684 0.00105263157894737 36 26 29 14 30 14 11 7 32 18 10 8 0.5 0.71875 0.625 0.96667 0.81818 0.95652 0.93333 0.96774 1 0.62963 0.6129 0.96667 0.32353 0.67647 0.73529 0.85294 0.26471 0.64706 0.82353 0.88235 0.23529 0.5 0.55882 0.85294
"18" 0.625 0.875 0.925 1 0.525 0.875 0.925 0.975 0.361702127659574 0.787234042553192 0.829787234042553 0.893617021276596 0.00947 0.00842 0.01579 0.00947 0.00421 0.00105 0.00316 0 0.00424178154825027 0.00530222693531283 0.00424178154825027 0.00530222693531283 34 22 26 15 32 10 11 3 44 27 23 20 0.78571 0.79167 0.65714 0.76471 1 0.92 0.92 1 0.8 0.73077 0.70968 0.84375 0.37931 0.65517 0.7931 0.89655 0.27586 0.7931 0.7931 0.89655 0.13793 0.65517 0.75862 0.93103
"19" 0.47458 0.79661 0.83051 0.91525 0.37288 0.77966 0.79661 0.91525 0.522727272727273 0.840909090909091 0.886363636363636 0.909090909090909 0.00967 0.00537 0.01074 0.00859 0.00107 0 0.00322 0.00215 0.00422832980972516 0.00105708245243129 0.00211416490486258 0.00634249471458774 58 33 28 17 54 23 24 11 37 20 13 14 0.4 0.8125 0.86842 0.91304 0.6 0.91176 1 0.97674 0.45455 0.75676 0.8 0.97727 0.16 0.52 0.66 0.84 0.06 0.62 0.58 0.84 0.2 0.56 0.48 0.86
"20" 0.66667 0.94872 1 1 0.64103 0.89744 0.97436 1 0.379310344827586 0.758620689655172 0.862068965517241 0.931034482758621 0.00841 0.01052 0.00946 0.01157 0.0021 0 0.00105 0 0.00520291363163371 0.0135275754422477 0.00936524453694069 0.00624349635796046 34 22 17 13 27 12 10 2 29 25 21 13 0.5 0.6875 0.78571 0.875 0.83333 1 0.95 1 0.44444 0.60714 0.69697 0.96429 0.17857 0.78571 0.78571 1 0.17857 0.57143 0.67857 0.92857 0.14286 0.60714 0.82143 0.96429
"21" 0.4186 0.90698 0.95349 0.95349 0.39535 0.88372 0.93023 0.95349 0.567567567567568 0.837837837837838 0.891891891891892 0.972972972972973 0.01373 0.00739 0.01056 0.01373 0.00422 0 0.00211 0.00106 0.00209863588667366 0.00419727177334732 0.00314795383001049 0.00314795383001049 48 21 22 22 39 19 12 6 28 14 10 8 1 0.73333 0.75758 0.77419 1 0.85 0.95833 1 1 0.61765 0.60714 0.92857 0.0625 0.6875 0.78125 0.75 0.0625 0.53125 0.71875 0.84375 0.0625 0.65625 0.53125 0.8125
"22" 0.49057 0.83019 0.90566 0.90566 0.41509 0.83019 0.84906 0.90566 0.594594594594595 0.837837837837838 0.837837837837838 0.918918918918919 0.00961 0.01067 0.01281 0.01067 0.00213 0 0.0032 0.00107 0.00104931794333683 0.00629590766002099 0.00629590766002099 0.00629590766002099 52 26 33 23 45 18 19 11 30 18 21 17 0.2 0.86207 0.71429 0.80556 1 1 1 0.94118 0.6 0.64865 0.83333 0.91667 0.04878 0.60976 0.60976 0.70732 0.04878 0.56098 0.63415 0.78049 0.07317 0.58537 0.60976 0.80488
"23" 0.62162 0.83784 0.91892 0.97297 0.56757 0.83784 0.86486 0.94595 0.476190476190476 0.928571428571429 0.976190476190476 0.976190476190476 0.0063 0.00839 0.00735 0.01574 0.0021 0.00105 0.00105 0.00315 0.00316455696202532 0.00527426160337553 0.00527426160337553 0.00843881856540084 27 23 17 23 26 17 12 12 34 16 14 12 1 0.90909 0.82353 0.70833 1 0.83333 1 1 0.71429 0.64706 0.7619 0.69231 0.26087 0.43478 0.6087 0.73913 0.17391 0.43478 0.56522 0.6087 0.21739 0.47826 0.69565 0.78261
"24" 0.60784 0.88235 0.92157 0.94118 0.43137 0.84314 0.90196 0.94118 0.545454545454545 0.818181818181818 0.840909090909091 0.954545454545455 0.00319 0.00639 0.00532 0.01171 0.00213 0.00106 0.00213 0.00213 0.00317124735729387 0.00528541226215645 0.00422832980972516 0.00422832980972516 35 20 15 20 44 13 12 7 39 19 14 13 0.73684 0.77143 0.93103 0.83333 0.66667 1 1 0.94444 1 0.75 0.875 0.7561 0.37838 0.72973 0.72973 0.81081 0.05405 0.72973 0.75676 0.91892 0.05405 0.64865 0.75676 0.83784
"25" 0.55814 0.83721 0.90698 0.90698 0.51163 0.83721 0.88372 0.90698 0.473684210526316 0.842105263157895 0.842105263157895 0.921052631578947 0.00739 0.01267 0.01162 0.01056 0.00106 0.00211 0.00211 0.00211 0.00315126050420168 0.00315126050420168 0.00525210084033613 0.00945378151260504 41 31 26 25 33 17 13 15 31 11 12 17 0.46154 0.6129 0.7 0.72414 1 0.80769 0.95652 0.95238 1 0.46667 0.88462 0.95652 0.18182 0.57576 0.63636 0.63636 0.15152 0.63636 0.66667 0.60606 0.09091 0.42424 0.69697 0.66667
"26" 0.72973 0.91892 0.91892 0.97297 0.56757 0.89189 0.91892 0.97297 0.418604651162791 0.813953488372093 0.790697674418605 0.930232558139535 0.00735 0.01259 0.01574 0.01364 0.00315 0.0042 0.0021 0.00105 0.00105596620908131 0.00422386483632524 0.00316789862724393 0.00739176346356917 29 28 29 19 32 13 9 5 34 24 20 14 0.57143 0.45161 0.5625 0.77273 0.22222 0.875 0.81818 0.94444 0.5 0.45455 0.51724 0.84211 0.4 0.7 0.9 0.85 0.1 0.7 0.9 0.85 0.1 0.5 0.75 0.8
"27" 0.47727 0.75 0.95455 1 0.43182 0.72727 0.90909 1 0.431818181818182 0.818181818181818 0.909090909090909 0.931818181818182 0.01268 0.01374 0.01163 0.00317 0.00106 0.00529 0.00317 0.00106 0.00211416490486258 0.00634249471458774 0.00317124735729387 0.00422832980972516 44 30 22 10 33 22 14 3 38 19 11 11 0.66667 0.76 0.82143 0.89655 1 1 0.95652 1 0.66667 0.6087 0.78571 0.92593 0.2 0.63333 0.76667 0.86667 0.2 0.6 0.73333 0.93333 0.13333 0.46667 0.73333 0.83333
"28" 0.58824 0.94118 1 1 0.52941 0.94118 0.97059 1 0.552631578947368 0.763157894736842 0.868421052631579 0.973684210526316 0.01255 0.01255 0.00941 0.01674 0.00418 0.00418 0.00209 0.00105 0.00105042016806723 0.00630252100840336 0.00735294117647059 0.00525210084033613 38 22 17 21 29 13 7 3 21 22 23 13 0.33333 0.66667 0.78947 0.69231 0.625 1 1 1 1 0.61538 0.88235 0.94737 0.14286 0.7619 0.71429 0.85714 0.2381 0.66667 0.80952 0.90476 0.28571 0.7619 0.71429 0.85714
"29" 0.575 0.9 0.925 0.975 0.525 0.875 0.9 0.975 0.515151515151515 0.848484848484849 0.909090909090909 0.96969696969697 0.01579 0.01368 0.01474 0.01053 0.00316 0.00105 0.00316 0.00316 0.00208986415882968 0.00417972831765935 0.00626959247648903 0.00835945663531871 41 24 21 13 27 13 7 5 24 13 10 13 0.63158 0.75 0.8 0.87097 0.92308 0.95 1 1 0.75 0.53125 0.83871 1 0.41379 0.72414 0.82759 0.93103 0.41379 0.65517 0.89655 0.93103 0.2069 0.58621 0.89655 0.93103
"30" 0.60976 0.92683 0.97561 1 0.4878 0.92683 0.95122 1 0.378378378378378 0.810810810810811 0.864864864864865 0.972972972972973 0.01159 0.01475 0.00948 0.0137 0.00211 0.00211 0.00211 0.00211 0.00314795383001049 0.00629590766002099 0.00524658971668416 0.00629590766002099 42 29 15 22 33 9 6 5 36 21 14 16 0.3 0.58824 0.83333 0.60526 1 0.95652 1 0.92308 NA 0.6129 0.85714 0.82143 0.11538 0.76923 0.96154 0.88462 0.15385 0.84615 0.88462 0.92308 0 0.73077 0.92308 0.88462
"31" 0.48485 0.9697 0.9697 1 0.39394 0.9697 0.9697 1 0.488888888888889 0.866666666666667 0.911111111111111 0.955555555555556 0.01463 0.01149 0.00731 0.01254 0.00418 0.00313 0.00104 0.00313 0.00317460317460317 0 0.00317460317460317 0.00423280423280423 38 28 18 20 30 15 12 7 37 14 8 9 0.28571 0.52941 0.625 0.59259 0.5 0.75 0.77778 0.94444 1 0.40909 0.70588 0.66667 0.19048 0.42857 0.71429 0.7619 0.09524 0.57143 0.66667 0.80952 0.09524 0.42857 0.57143 0.7619
"32" 0.57692 0.88462 0.96154 0.98077 0.5 0.84615 0.92308 0.98077 0.487179487179487 0.871794871794872 0.948717948717949 0.923076923076923 0.00533 0.01173 0.01173 0.01066 0.0032 0.00107 0.00213 0.00213 0.0010515247108307 0.00420609884332282 0.00315457413249211 0.0010515247108307 37 29 26 22 39 16 12 6 27 12 7 5 0.73333 0.67647 0.73684 0.75676 1 0.95833 0.90625 0.94286 0.6 0.75862 0.68421 0.88889 0.30556 0.63889 0.77778 0.77778 0.16667 0.63889 0.80556 0.91667 0.16667 0.61111 0.72222 0.88889
"33" 0.60377 0.90566 0.88679 0.9434 0.50943 0.84906 0.86792 0.9434 0.509803921568627 0.764705882352941 0.882352941176471 0.96078431372549 0.00854 0.00534 0.01067 0.00534 0.00213 0.00107 0.00534 0.00107 0.00425985090521832 0.0053248136315229 0.0053248136315229 0.00106496272630458 41 18 22 12 38 17 14 6 42 24 18 12 0.69565 0.89189 0.81818 0.85417 1 0.9375 0.90244 0.95349 1 0.7619 0.82051 0.86047 0.35556 0.73333 0.8 0.91111 0.26667 0.66667 0.82222 0.91111 0.15556 0.71111 0.71111 0.82222
"34" 0.66667 0.9697 1 1 0.57576 0.9697 1 1 0.434782608695652 0.869565217391304 0.934782608695652 1 0.01254 0.01045 0.01045 0.01045 0.00418 0.00209 0.00209 0.00209 0.00105932203389831 0.00953389830508475 0.00211864406779661 0.00423728813559322 35 17 16 10 28 4 3 2 41 26 13 8 0.29412 0.76471 0.7619 1 0 0.94444 1 1 0 0.5 0.7619 1 0.26316 0.68421 0.84211 1 0 0.89474 0.94737 1 0 0.52632 0.84211 1
"35" 0.5 0.88 0.96 0.96 0.34 0.84 0.94 0.94 0.428571428571429 0.828571428571429 0.971428571428571 0.942857142857143 0.01277 0.00957 0.00957 0.00319 0.00426 0.00319 0.00106 0 0.0031413612565445 0.00523560209424084 0.00628272251308901 0.00732984293193717 49 31 22 12 45 26 13 8 35 17 12 11 0.14286 0.57143 0.68571 0.83333 NA 0.63636 0.91304 1 NA 0.4375 0.64516 0.96429 0.03125 0.625 0.75 0.78125 0 0.65625 0.65625 0.75 0 0.4375 0.625 0.84375
"36" 0.7 0.875 0.95 0.95 0.55 0.85 0.925 0.925 0.415094339622642 0.716981132075472 0.735849056603774 0.886792452830189 0.01474 0.00632 0.01158 0.00737 0.00421 0.00105 0.00211 0.00105 0.00213447171824973 0 0.00747065101387407 0.0064034151547492 36 21 24 13 35 16 9 4 46 19 27 19 0.63158 0.82609 0.76923 0.82353 0.83333 0.94444 0.92593 1 0.75 0.88889 0.71429 0.87097 0.4 0.63333 0.66667 0.93333 0.16667 0.56667 0.83333 0.96667 0.1 0.53333 0.66667 0.9
"37" 0.48333 0.8 0.9 0.91667 0.38333 0.76667 0.88333 0.9 0.442307692307692 0.884615384615385 0.923076923076923 0.980769230769231 0.01183 0.0086 0.00753 0.0086 0.00645 0.00108 0.00108 0.00215 0.00319829424307036 0.00213219616204691 0.00319829424307036 0.00746268656716418 59 40 32 23 57 24 18 17 49 19 12 14 0.38889 0.67742 0.7 0.8 0.5 1 0.96667 0.91667 0.5 0.65625 0.87097 0.90244 0.15217 0.45652 0.6087 0.78261 0.06522 0.56522 0.63043 0.71739 0.04348 0.45652 0.58696 0.80435
"38" 0.65909 0.90909 0.93182 1 0.61364 0.84091 0.90909 0.97727 0.46 0.8 0.84 0.88 0.00846 0.01374 0.01268 0.01163 0.00317 0 0.00211 0.00423 0.00212765957446809 0.00319148936170213 0.00851063829787234 0 33 30 31 24 34 13 13 15 50 24 25 10 0.72222 0.63889 0.64706 0.74194 1 0.96 0.86667 0.96 1 0.625 0.64706 0.91667 0.38235 0.67647 0.64706 0.67647 0.14706 0.70588 0.76471 0.70588 0.11765 0.58824 0.64706 0.64706
"39" 0.55814 0.7907 0.97674 1 0.46512 0.76744 0.93023 0.97674 0.531914893617021 0.787234042553192 0.808510638297872 0.872340425531915 0.00845 0.01162 0.01267 0.01267 0.00317 0 0.00106 0.00106 0.00212089077412513 0 0.00424178154825027 0.00212089077412513 40 30 28 17 38 21 11 6 41 12 17 13 0.5 0.68 0.67647 0.75676 1 0.86667 0.88462 1 1 0.55172 0.53333 0.86207 0.12903 0.54839 0.74194 0.90323 0.06452 0.41935 0.74194 0.83871 0.06452 0.51613 0.51613 0.80645
"40" 0.62791 0.86047 0.88372 0.93023 0.62791 0.81395 0.86047 0.90698 0.514285714285714 0.885714285714286 0.914285714285714 0.971428571428571 0.01056 0.0095 0.0095 0.01056 0.00211 0.00422 0.00211 0.00106 0.00104712041884817 0.00628272251308901 0.00628272251308901 0.00418848167539267 41 23 23 14 33 16 11 7 27 13 12 10 0.38095 0.75 0.78261 0.8125 0.55556 1 1 0.96 NA 0.52632 0.85714 0.89655 0.27586 0.62069 0.62069 0.89655 0.17241 0.62069 0.72414 0.82759 0 0.34483 0.82759 0.89655
"41" 0.5641 0.94872 0.97436 1 0.46154 0.87179 0.94872 1 0.594594594594595 0.945945945945946 0.918918918918919 0.972972972972973 0.01577 0.00946 0.01577 0.01157 0.00315 0.0021 0.00421 0 0.00314795383001049 0.00314795383001049 0.00944386149003148 0.00629590766002099 41 26 24 16 30 13 8 2 27 15 17 12 0.3913 0.52174 0.6129 0.7037 1 0.92857 0.95238 1 0.66667 0.42308 0.625 0.94737 0.3913 0.52174 0.82609 0.82609 0.08696 0.56522 0.86957 0.91304 0.17391 0.47826 0.86957 0.78261
"42" 0.55556 0.84444 0.88889 0.95556 0.48889 0.8 0.86667 0.93333 0.51063829787234 0.872340425531915 0.872340425531915 0.936170212765957 0.00952 0.01481 0.01164 0.01164 0.00317 0.00529 0.00212 0.00106 0.00530222693531283 0.0031813361611877 0.00530222693531283 0.00424178154825027 36 28 26 23 33 19 12 8 45 16 18 12 0.61111 0.62857 0.66667 0.80645 1 0.875 0.96 0.93333 0.66667 0.625 0.55172 0.88 0.32353 0.64706 0.64706 0.73529 0.23529 0.61765 0.70588 0.82353 0.11765 0.44118 0.47059 0.64706
"43" 0.55556 0.88889 0.93333 1 0.51111 0.86667 0.91111 0.97778 0.511627906976744 0.953488372093023 1 1 0.00741 0.00529 0.00952 0.01693 0.00106 0 0.00106 0.00212 0.00105596620908131 0.00211193241816262 0.00211193241816262 0.00422386483632524 42 26 22 30 36 18 9 9 31 12 5 6 0.29412 0.7037 0.7027 0.58537 0.66667 0.78261 0.92857 0.93103 0.14286 0.73913 0.58333 0.69697 0.15152 0.57576 0.78788 0.72727 0.12121 0.54545 0.78788 0.81818 0.0303 0.51515 0.63636 0.69697
"44" 0.61364 0.77273 0.88636 0.95455 0.56818 0.75 0.86364 0.93182 0.422222222222222 0.866666666666667 0.977777777777778 0.977777777777778 0.01163 0.0148 0.00846 0.0148 0.00211 0.00211 0.00106 0.00106 0.00105820105820106 0.00211640211640212 0.00211640211640212 0.00740740740740741 42 28 17 21 34 18 11 6 34 19 12 16 0.53846 0.83333 0.85185 0.77143 1 0.9 1 1 1 0.58621 0.81481 0.81818 0.21875 0.625 0.71875 0.84375 0.125 0.5625 0.6875 0.84375 0.0625 0.53125 0.6875 0.84375
"45" 0.65217 0.8913 0.95652 0.93478 0.56522 0.80435 0.93478 0.93478 0.571428571428571 0.80952380952381 0.904761904761905 0.952380952380952 0.00847 0.00847 0.00847 0.01271 0.00318 0.00106 0.00212 0.00424 0.00421940928270042 0.00316455696202532 0.00843881856540084 0.00632911392405063 41 25 16 26 32 23 12 8 34 17 18 13 0.26667 0.65625 0.77778 0.61765 0.625 0.77778 0.88889 0.93103 0.38462 0.70968 0.71875 0.6129 0.12903 0.67742 0.90323 0.67742 0.16129 0.45161 0.77419 0.87097 0.16129 0.70968 0.74194 0.6129
"46" 0.69048 0.90476 0.95238 0.95238 0.59524 0.88095 0.92857 0.95238 0.575 0.85 0.85 0.925 0.00738 0.01055 0.01793 0.00527 0.00211 0 0.00633 0.00105 0.00105263157894737 0.00526315789473684 0.00631578947368421 0.00315789473684211 34 24 32 10 29 11 16 4 30 27 21 19 0.61111 0.66667 0.5641 0.90323 0.84615 0.95652 0.77143 1 0.8 0.6875 0.72727 0.93333 0.34375 0.625 0.6875 0.875 0.34375 0.6875 0.84375 0.90625 0.25 0.6875 0.75 0.875
"47" 0.625 0.975 0.975 1 0.575 0.925 0.95 1 0.571428571428571 0.857142857142857 0.904761904761905 0.976190476190476 0.00947 0.00737 0.01263 0.01579 0.00105 0.00211 0.00316 0.00105 0 0.00210970464135021 0.00210970464135021 0.00632911392405063 38 15 17 19 26 10 10 5 29 14 11 13 0.35294 0.81818 0.76923 0.70968 1 1 1 0.91304 0.5 0.65217 0.75 0.90909 0.26087 0.78261 0.86957 0.95652 0.17391 0.69565 0.73913 0.91304 0.17391 0.65217 0.65217 0.86957
"48" 0.67568 0.86486 0.97297 0.97297 0.54054 0.86486 0.94595 0.94595 0.468085106382979 0.787234042553192 0.914893617021277 0.957446808510638 0.00735 0.01574 0.01259 0.01364 0 0.0042 0.00315 0.00315 0.00106044538706257 0.0063626723223754 0.00742311770943796 0.00848356309650053 31 34 23 28 23 17 12 10 39 29 20 15 0.58333 0.63158 0.67857 0.62963 1 1 0.90476 0.91304 1 0.58333 0.56667 0.82609 0.26923 0.46154 0.73077 0.65385 0.30769 0.57692 0.73077 0.80769 0.15385 0.53846 0.65385 0.73077
"49" 0.76316 0.86842 0.97368 1 0.65789 0.84211 0.92105 1 0.5 0.825 0.9 0.875 0.01155 0.01471 0.00945 0.0105 0.00315 0.0021 0.0021 0.00315 0.00105263157894737 0.00210526315789474 0.00315789473684211 0.00631578947368421 32 24 19 13 25 15 8 4 31 15 17 15 0.57143 0.76 0.71429 0.88889 0.88889 0.79167 0.95652 0.96296 1 0.69231 0.73913 0.88889 0.44444 0.7037 0.74074 0.88889 0.2963 0.7037 0.81481 0.96296 0.22222 0.66667 0.62963 0.88889
"50" 0.62791 0.88372 0.90698 0.95349 0.51163 0.81395 0.90698 0.93023 0.384615384615385 0.903846153846154 0.903846153846154 0.980769230769231 0.00845 0.01584 0.00845 0.01267 0.00317 0.00211 0.00211 0 0.00213219616204691 0 0.00426439232409382 0.00426439232409382 35 28 22 21 35 10 12 8 45 12 18 11 0.54545 0.79167 0.72 0.69697 0.6 1 0.88 0.88889 0.83333 0.60714 0.82609 0.85714 0.4 0.63333 0.6 0.76667 0.2 0.8 0.73333 0.8 0.33333 0.56667 0.63333 0.8
"51" 0.58929 0.83929 0.91071 0.98214 0.42857 0.82143 0.875 0.94643 0.487179487179487 0.82051282051282 0.948717948717949 0.948717948717949 0.00642 0.00857 0.00964 0.00535 0.00321 0.00107 0.00214 0 0.00525762355415352 0.010515247108307 0.00315457413249211 0.0115667718191377 46 33 22 16 50 25 15 9 37 27 7 16 0.57143 0.66667 0.90909 0.86842 0.42857 0.86957 0.96774 0.97059 0.66667 0.65625 0.84848 0.78947 0.19048 0.52381 0.71429 0.78571 0.14286 0.47619 0.71429 0.78571 0.09524 0.5 0.66667 0.71429
"52" 0.6 0.88889 0.97778 0.97778 0.46667 0.82222 0.95556 0.97778 0.757575757575758 0.909090909090909 0.878787878787879 0.909090909090909 0.00952 0.00741 0.0127 0.01164 0.00317 0.00106 0.00529 0 0.00417972831765935 0.00626959247648903 0.0125391849529781 0.00731452455590387 39 18 19 22 38 15 10 1 20 12 21 15 0.76923 0.90323 0.84211 0.81579 0.83333 0.96154 0.92105 1 0.28571 0.66667 0.72093 0.88571 0.25641 0.71795 0.82051 0.79487 0.12821 0.64103 0.89744 0.97436 0.05128 0.51282 0.79487 0.79487
"53" 0.54 0.84 0.96 0.94 0.44 0.82 0.96 0.92 0.476190476190476 0.952380952380952 0.952380952380952 1 0.01702 0.00745 0.01277 0.00957 0.00213 0 0.00213 0.00106 0 0.00316455696202532 0.00527426160337553 0.00316455696202532 51 19 22 19 38 16 8 9 30 9 14 3 0.33333 0.83871 0.79412 0.80556 1 1 1 0.96552 0.81818 0.52941 0.93548 0.77778 0.19444 0.72222 0.75 0.80556 0.16667 0.61111 0.83333 0.77778 0.25 0.5 0.80556 0.77778
"54" 0.53659 0.92683 0.97561 0.97561 0.46341 0.85366 0.95122 0.95122 0.456521739130435 0.847826086956522 0.934782608695652 0.978260869565217 0.01054 0.00527 0.01054 0.00948 0.00211 0.00105 0.00211 0.00105 0.00105932203389831 0.00741525423728814 0.00741525423728814 0.00741525423728814 40 18 20 23 34 11 7 9 42 21 15 9 0.14286 0.72727 0.66667 0.5625 0 0.93333 0.90476 0.82609 0 0.63158 0.7037 0.74074 0.04348 0.69565 0.78261 0.78261 0 0.6087 0.82609 0.82609 0 0.52174 0.82609 0.86957
"55" 0.5 0.83333 0.97222 1 0.52778 0.83333 0.91667 1 0.5 0.823529411764706 0.970588235294118 0.941176470588235 0.01258 0.01153 0.01677 0.01677 0.00314 0.00524 0.00629 0.00105 0.00313807531380753 0.00209205020920502 0.00941422594142259 0.00418410041841004 39 24 26 25 26 21 12 3 31 13 15 7 0.33333 0.62963 0.65517 0.70968 1 0.72222 0.95238 1 0.33333 0.5 0.59259 0.85714 0.15385 0.65385 0.73077 0.84615 0.15385 0.5 0.76923 0.92308 0.07692 0.57692 0.61538 0.92308
"56" 0.54348 0.80435 0.86957 0.95652 0.47826 0.78261 0.84783 0.95652 0.547619047619048 0.928571428571429 1 0.976190476190476 0.01165 0.01059 0.01483 0.01801 0.00212 0.00212 0.0053 0.00424 0.00527426160337553 0.0105485232067511 0.00527426160337553 0.00632911392405063 43 28 27 34 36 19 19 17 33 20 10 8 0.64706 0.76667 0.80645 0.63889 1 0.91667 0.95833 0.92 1 0.58065 0.76667 0.77778 0.30556 0.63889 0.69444 0.63889 0.16667 0.61111 0.63889 0.63889 0.11111 0.5 0.63889 0.58333
"57" 0.61224 0.87755 0.93878 0.93878 0.46939 0.83673 0.91837 0.93878 0.590909090909091 0.840909090909091 0.909090909090909 0.954545454545455 0.01169 0.0085 0.01594 0.00531 0.00106 0.00106 0.00425 0 0.00105708245243129 0.00211416490486258 0.00317124735729387 0.00317124735729387 43 19 32 10 35 9 12 7 29 11 9 6 0.375 0.75758 0.5814 0.96774 0.66667 0.96296 0.9 0.96552 0.64286 0.61765 0.6875 0.84375 0.26471 0.73529 0.73529 0.88235 0.17647 0.76471 0.79412 0.82353 0.26471 0.61765 0.64706 0.79412
"58" 0.52083 0.77083 0.875 0.875 0.5 0.70833 0.83333 0.85417 0.536585365853659 0.804878048780488 0.951219512195122 0.975609756097561 0.00743 0.00743 0.01168 0.00955 0 0.00106 0.00106 0.00212 0.00210748155953635 0.00632244467860906 0.00737618545837724 0.00632244467860906 41 25 31 24 36 23 20 15 35 19 12 13 0.77778 0.81481 0.67857 0.76667 0.83333 0.94737 0.80769 0.96154 0.75 0.79167 0.64286 0.92857 0.19444 0.61111 0.52778 0.63889 0.13889 0.5 0.58333 0.69444 0.08333 0.52778 0.5 0.72222
"59" 0.6 0.85 0.86667 0.93333 0.5 0.83333 0.85 0.9 0.488888888888889 0.822222222222222 0.866666666666667 0.933333333333333 0.00753 0.00753 0.0043 0.00753 0.00108 0.00215 0.00108 0 0.00105820105820106 0.00317460317460317 0.00423280423280423 0.00529100529100529 47 24 19 21 47 25 17 8 38 19 16 14 0.64 0.87805 0.86047 0.88372 0.625 0.88571 0.94595 1 0.65217 0.72414 0.8 0.92857 0.31373 0.70588 0.72549 0.7451 0.19608 0.60784 0.68627 0.84314 0.29412 0.41176 0.54902 0.76471
"60" 0.61765 0.88235 0.97059 0.94118 0.55882 0.88235 0.91176 0.91176 0.478260869565217 0.826086956521739 0.91304347826087 0.978260869565217 0.0136 0.02092 0.01255 0.01674 0.00209 0.00418 0.00628 0.00418 0.00317796610169492 0.00847457627118644 0.00423728813559322 0.00635593220338983 35 40 22 33 23 20 18 16 41 25 14 13 0.5 0.37931 0.78947 0.53571 1 1 0.92857 0.66667 0.75 0.32143 0.5 0.5 0.30435 0.47826 0.65217 0.65217 0.26087 0.34783 0.56522 0.6087 0.26087 0.3913 0.56522 0.56522
"61" 0.55556 0.83333 0.87037 0.94444 0.5 0.77778 0.87037 0.92593 0.5 0.852941176470588 0.941176470588235 0.970588235294118 0.00855 0.00855 0.00748 0.01068 0.00214 0 0.00214 0.00321 0.00104602510460251 0.00418410041841004 0.00941422594142259 0.00418410041841004 49 26 28 33 43 22 21 26 27 15 16 10 0.38095 0.82143 0.68571 0.58 0.53846 0.94737 0.77419 0.60976 0.66667 0.73077 0.57143 0.64286 0.21053 0.60526 0.63158 0.76316 0.18421 0.47368 0.63158 0.65789 0.10526 0.5 0.63158 0.71053
"62" 0.52174 0.8913 0.97826 1 0.45652 0.8913 0.95652 0.97826 0.428571428571429 0.833333333333333 0.976190476190476 0.952380952380952 0.01589 0.00636 0.00847 0.01271 0.00318 0.00212 0 0.0053 0 0.00738396624472574 0.00421940928270042 0.00316455696202532 52 23 15 20 35 11 4 10 35 19 9 12 0.25 0.68571 0.90625 0.76923 0.72727 0.84848 1 0.93939 0.71429 0.72222 0.8125 0.91429 0.13889 0.66667 0.80556 0.83333 0.22222 0.77778 0.88889 0.86111 0.13889 0.72222 0.72222 0.88889
"63" 0.54286 0.82857 0.91429 0.97143 0.4 0.8 0.91429 0.91429 0.5 0.916666666666667 0.972222222222222 0.972222222222222 0.01257 0.01571 0.01257 0.01361 0.00419 0.00419 0.00209 0.00209 0.00524109014675052 0.00524109014675052 0.00314465408805031 0.00838574423480084 33 25 21 18 28 14 7 6 35 17 10 14 0.69231 0.7619 0.65517 0.76 1 0.88889 0.95238 0.95455 0.44444 0.7619 0.58621 0.875 0.40909 0.72727 0.86364 0.86364 0.18182 0.72727 0.90909 0.95455 0.18182 0.72727 0.77273 0.95455
"64" 0.55556 0.86111 0.88889 0.91667 0.41667 0.83333 0.88889 0.91667 0.468085106382979 0.74468085106383 0.872340425531915 0.851063829787234 0.01677 0.00943 0.01572 0.01153 0.00314 0.0021 0.0021 0.00105 0.00212089077412513 0.0063626723223754 0.0063626723223754 0.00424178154825027 42 22 26 15 32 13 9 4 44 29 23 22 0.21429 0.58824 0.70588 0.82353 NA 0.85714 0.78947 1 0 0.39286 0.76471 0.9375 0.17647 0.58824 0.70588 0.82353 0 0.70588 0.88235 0.88235 0 0.64706 0.76471 0.88235
"65" 0.64103 0.79487 0.92308 0.94872 0.51282 0.79487 0.92308 0.94872 0.38 0.82 0.9 0.9 0.01262 0.01052 0.00841 0.01052 0.00526 0.00105 0.00105 0.00315 0 0.00212765957446809 0.00531914893617021 0.00531914893617021 32 31 19 17 33 15 11 7 38 16 17 20 0.84615 0.59091 0.79167 0.88462 1 1 0.90476 1 0.83333 0.55172 0.625 1 0.39286 0.46429 0.67857 0.82143 0.14286 0.57143 0.67857 0.85714 0.17857 0.57143 0.53571 0.78571
"66" 0.4902 0.7451 0.88235 0.94118 0.45098 0.72549 0.84314 0.90196 0.4 0.8 0.822222222222222 0.955555555555556 0.00319 0.00426 0.01171 0.00958 0.00106 0.00106 0 0 0.00211640211640212 0.00529100529100529 0.00105820105820106 0.00529100529100529 45 27 27 22 42 25 12 9 37 18 15 11 0.66667 0.83333 0.77143 0.72093 1 0.86364 0.96667 0.96875 0.63636 0.68571 0.79412 0.97059 0.10811 0.54054 0.72973 0.83784 0.10811 0.51351 0.78378 0.83784 0.18919 0.64865 0.72973 0.89189
"67" 0.67742 0.93548 0.90323 1 0.51613 0.87097 0.87097 1 0.631578947368421 0.868421052631579 0.947368421052632 0.947368421052632 0.0146 0.01356 0.01981 0.0146 0.00313 0.00209 0.00521 0.00313 0 0.00105042016806723 0.00420168067226891 0.00630252100840336 31 21 28 19 23 8 11 6 27 10 18 11 0.4 0.6 0.64706 0.7 1 1 1 0.875 1 0.42857 0.46667 0.7 0.26667 0.6 0.73333 0.93333 0.13333 0.73333 0.8 0.93333 0.13333 0.6 0.46667 0.93333
"68" 0.57447 0.91489 0.95745 0.95745 0.48936 0.87234 0.91489 0.89362 0.511111111111111 0.711111111111111 0.911111111111111 0.911111111111111 0.01485 0.0053 0.01166 0.00954 0.0053 0 0.00106 0 0 0.00529100529100529 0.00211640211640212 0.00634920634920635 50 18 25 18 40 7 8 6 34 27 8 14 0.35294 0.82353 0.69767 0.84848 0.83333 1 1 1 1 0.86207 0.80556 0.82353 0.16667 0.77778 0.83333 0.77778 0.13889 0.80556 0.80556 0.86111 0.05556 0.69444 0.80556 0.77778
"69" 0.625 0.85417 0.95833 0.95833 0.45833 0.85417 0.89583 0.9375 0.568181818181818 0.75 0.863636363636364 0.886363636363636 0.00743 0.01274 0.01486 0.00637 0.00212 0.00212 0.00318 0.00106 0.00105708245243129 0.00739957716701903 0.00528541226215645 0.00317124735729387 40 28 27 15 45 21 16 9 33 24 16 10 0.54545 0.78378 0.78947 0.89189 0.4 0.92 0.93548 0.94444 1 0.78571 0.78125 0.97222 0.29268 0.70732 0.73171 0.80488 0.04878 0.56098 0.70732 0.82927 0.17073 0.53659 0.60976 0.85366
"70" 0.6 0.88571 0.97143 0.97143 0.48571 0.88571 0.94286 0.94286 0.51219512195122 0.902439024390244 0.975609756097561 0.951219512195122 0.00838 0.01466 0.01675 0.01047 0.00314 0.00105 0.00105 0 0.00210748155953635 0.00210748155953635 0.00316122233930453 0.0105374077976818 28 30 21 20 28 8 8 8 29 14 10 17 0.54545 0.38462 0.71429 0.61905 0.5 1 0.92308 0.85714 0.25 0.25 0.92857 0.61905 0.33333 0.55556 0.83333 0.72222 0.05556 0.61111 0.66667 0.66667 0.11111 0.27778 0.72222 0.72222
"71" 0.54167 0.875 0.89583 0.9375 0.5 0.83333 0.89583 0.89583 0.458333333333333 0.729166666666667 0.8125 0.833333333333333 0.00955 0.00849 0.00849 0.00849 0.00212 0.00106 0.00212 0.00106 0.00106157112526539 0.00318471337579618 0.00318471337579618 0.00636942675159236 38 20 22 16 32 13 10 9 39 19 25 20 0.78571 0.75 0.75 0.84848 1 1 1 1 0.9 0.8 0.83333 0.84375 0.31429 0.68571 0.77143 0.8 0.28571 0.68571 0.77143 0.77143 0.25714 0.57143 0.71429 0.77143
"72" 0.68421 0.89474 0.94737 0.97368 0.65789 0.86842 0.92105 0.97368 0.392857142857143 0.803571428571429 0.910714285714286 0.964285714285714 0.0063 0.01576 0.01681 0.01155 0.0021 0.0021 0 0.00315 0 0.00321199143468951 0.00749464668094218 0.0107066381156317 24 27 25 21 20 9 6 8 48 23 21 15 0.76923 0.58621 0.68 0.64286 0.81818 0.88889 1 0.90476 1 0.46154 0.89474 0.76 0.47619 0.80952 0.80952 0.85714 0.42857 0.7619 0.7619 0.90476 0.42857 0.57143 0.80952 0.90476
"73" 0.64286 0.85714 0.90476 0.97619 0.57143 0.80952 0.88095 0.95238 0.469387755102041 0.795918367346939 0.857142857142857 0.877551020408163 0.00738 0.01793 0.02004 0.01371 0 0.00633 0.00211 0.00316 0.00212539851222104 0.00212539851222104 0.00106269925611052 0.00425079702444208 33 32 34 22 35 23 13 8 42 19 16 13 0.86667 0.73333 0.74194 0.82857 1 0.86957 1 1 NA 0.54839 0.71429 0.90909 0.35135 0.59459 0.62162 0.78378 0.13514 0.54054 0.7027 0.86486 0 0.45946 0.67568 0.81081
"74" 0.56818 0.79545 0.88636 0.95455 0.47727 0.79545 0.86364 0.90909 0.488372093023256 0.86046511627907 0.906976744186046 0.930232558139535 0.00951 0.01057 0.01691 0.00846 0.00317 0 0.00317 0.00106 0 0.00105596620908131 0.00211193241816262 0.00527983104540655 38 27 30 22 32 12 13 15 33 12 10 10 0.44444 0.65217 0.54545 0.63333 0.8 1 0.81818 0.65517 0.66667 0.53846 0.65385 0.65625 0.16667 0.625 0.75 0.79167 0.16667 0.66667 0.75 0.79167 0.08333 0.58333 0.70833 0.875
"75" 0.48936 0.87234 0.89362 0.93617 0.48936 0.78723 0.87234 0.89362 0.454545454545455 0.863636363636364 0.931818181818182 1 0.01166 0.0106 0.00954 0.01273 0.00106 0.00318 0.00106 0.00318 0 0.00211416490486258 0.00634249471458774 0.00739957716701903 49 29 25 21 37 20 13 9 38 22 20 12 0.3125 0.64706 0.77419 0.81818 1 0.875 0.96154 0.96875 1 0.53125 0.84615 0.91176 0.13889 0.61111 0.66667 0.75 0.05556 0.58333 0.69444 0.86111 0.05556 0.47222 0.61111 0.86111
"76" 0.46809 0.80851 0.85106 0.97872 0.44681 0.76596 0.82979 0.97872 0.526315789473684 0.754385964912281 0.842105263157895 0.894736842105263 0.00742 0.01591 0.0106 0.01166 0.00106 0.00106 0.00212 0.00318 0.00321543408360129 0.00535905680600214 0.00107181136120043 0.00321543408360129 39 37 29 23 35 16 23 5 47 29 18 13 0.46154 0.55172 0.54839 0.63158 0.57143 1 0.66667 0.92857 0.71429 0.62963 0.6 0.6875 0.22222 0.59259 0.62963 0.88889 0.14815 0.62963 0.51852 0.96296 0.18519 0.62963 0.55556 0.81481
"77" 0.61702 0.89362 0.91489 0.95745 0.57447 0.82979 0.89362 0.95745 0.648648648648649 0.918918918918919 0.945945945945946 1 0.01166 0.00636 0.00954 0.01273 0.00212 0 0.00212 0.00106 0.00104931794333683 0.00419727177334732 0.00104931794333683 0.00629590766002099 39 15 16 22 34 12 8 6 23 11 6 8 0.6 0.84375 0.85714 0.76923 1 0.96 1 0.91667 1 0.78571 0.91176 0.825 0.35294 0.79412 0.88235 0.88235 0.17647 0.70588 0.88235 0.97059 0.20588 0.64706 0.91176 0.97059
"78" 0.66 0.86 0.88 0.88 0.56 0.82 0.88 0.88 0.425531914893617 0.914893617021277 0.978723404255319 1 0.00638 0.00745 0.00851 0.00957 0 0.00319 0 0 0.00106044538706257 0.0031813361611877 0.00424178154825027 0.0031813361611877 37 22 21 22 32 18 10 8 37 13 7 6 0.7 0.82857 0.90909 0.81579 0.92857 0.93333 0.97059 1 1 0.62162 0.86111 0.81579 0.33333 0.69048 0.71429 0.7381 0.30952 0.66667 0.78571 0.80952 0.19048 0.54762 0.7381 0.7381
"79" 0.625 0.825 0.875 0.925 0.55 0.825 0.85 0.925 0.540540540540541 0.972972972972973 0.972972972972973 1 0.00632 0.00947 0.01368 0.00632 0.00211 0.00211 0.00316 0.00105 0.00419727177334732 0.00419727177334732 0.00734522560335782 0.00419727177334732 33 27 31 15 28 15 18 11 30 12 16 6 0.55556 0.61905 0.48 0.70833 0.75 0.88235 0.85714 1 0.71429 0.45833 0.66667 0.9375 0.20833 0.54167 0.5 0.70833 0.125 0.625 0.5 0.58333 0.20833 0.45833 0.5 0.625
"80" 0.66667 0.93333 0.95556 0.97778 0.55556 0.91111 0.88889 0.95556 0.512820512820513 0.743589743589744 0.897435897435897 0.923076923076923 0.01164 0.00741 0.00635 0.00847 0.00423 0.00212 0.00317 0.00106 0.00420609884332282 0.00210304942166141 0.00315457413249211 0.00420609884332282 38 22 13 23 38 13 16 9 34 20 13 11 0.68182 0.81818 0.91667 0.76316 0.875 1 1 0.9697 0.6 0.66667 0.81818 0.84211 0.375 0.675 0.825 0.725 0.175 0.725 0.675 0.8 0.075 0.6 0.675 0.8
"81" 0.55 0.9 0.925 1 0.475 0.825 0.925 0.95 0.5 0.933333333333333 0.966666666666667 0.966666666666667 0.00947 0.01579 0.01368 0.01474 0.00316 0.00316 0.00316 0.00211 0.003125 0.00104166666666667 0.00833333333333333 0.00520833333333333 37 30 28 24 37 16 12 7 25 11 12 6 0.58333 0.55882 0.72 0.625 NA 1 0.88 0.93333 NA 0.51429 0.6 0.96552 0.23333 0.63333 0.6 0.83333 0 0.66667 0.73333 0.93333 0 0.6 0.6 0.93333
"82" 0.625 0.875 0.90625 0.9375 0.5625 0.84375 0.875 0.9375 0.403846153846154 0.884615384615385 0.923076923076923 0.942307692307692 0.01044 0.01566 0.01879 0.01357 0.00522 0.00418 0.00313 0.00104 0.00319829424307036 0.00213219616204691 0.00639658848614072 0.00319829424307036 26 28 27 20 25 15 8 4 45 16 17 13 0.66667 0.5 0.47826 0.6 0.75 1 0.85714 1 0.5 0.52941 0.52381 0.85714 0.4 0.6 0.73333 0.8 0.2 0.53333 0.8 0.8 0.13333 0.6 0.73333 0.8
"83" 0.55556 0.82222 0.91111 0.93333 0.42222 0.8 0.84444 0.93333 0.458333333333333 0.770833333333333 0.9375 0.958333333333333 0.00529 0.01164 0.01058 0.00952 0.00106 0.00212 0.00106 0 0.00106157112526539 0.00212314225053079 0.00530785562632696 0.00424628450106157 35 29 21 19 37 18 9 8 39 29 21 9 0.57143 0.72414 0.75862 0.74286 1 0.90909 1 0.92593 0.625 0.67857 0.91304 0.96429 0.25 0.65625 0.6875 0.8125 0.125 0.625 0.75 0.78125 0.15625 0.59375 0.65625 0.84375
"84" 0.55263 0.89474 0.92105 0.97368 0.47368 0.84211 0.89474 0.97368 0.513513513513513 0.837837837837838 0.945945945945946 1 0.01471 0.0105 0.0084 0.01681 0.00315 0.00315 0.00105 0.00315 0.00209863588667366 0.00419727177334732 0.00314795383001049 0.00524658971668416 38 20 19 25 30 14 8 7 27 14 14 13 0.72727 0.75 0.65385 0.62963 1 1 0.9 0.95 1 0.56522 0.5 0.84211 0.36364 0.68182 0.77273 0.77273 0.18182 0.54545 0.81818 0.86364 0.09091 0.59091 0.63636 0.72727
"85" 0.64286 0.85714 0.90476 1 0.59524 0.80952 0.90476 1 0.358490566037736 0.754716981132076 0.830188679245283 0.924528301886792 0.01055 0.00738 0.01055 0.01371 0.00422 0.00316 0.00211 0 0.00213447171824973 0.00213447171824973 0.00213447171824973 0.00213447171824973 35 19 21 24 33 17 13 7 46 22 18 8 0.66667 0.79167 0.7037 0.65714 0.66667 1 0.84 0.85714 0.75 0.42857 0.55556 0.69697 0.28571 0.67857 0.67857 0.82143 0.14286 0.57143 0.75 0.85714 0.32143 0.42857 0.53571 0.82143
"86" 0.47368 0.84211 0.89474 0.96491 0.42105 0.78947 0.89474 0.96491 0.531914893617021 0.893617021276596 0.872340425531915 0.936170212765957 0.0075 0.00857 0.00429 0.00429 0.00429 0.00214 0.00107 0.00214 0.00106044538706257 0.00424178154825027 0.00212089077412513 0.00106044538706257 52 25 16 16 48 20 12 10 37 16 12 11 0.5625 0.88571 0.86364 0.84783 0.88889 0.91176 0.90698 0.95122 0.8 0.78788 0.88636 0.90909 0.19565 0.67391 0.82609 0.84783 0.17391 0.67391 0.84783 0.84783 0.17391 0.56522 0.84783 0.86957
"87" 0.75 0.85 0.925 0.975 0.575 0.825 0.875 0.925 0.467741935483871 0.806451612903226 0.887096774193548 0.887096774193548 0.01474 0.01158 0.01053 0.01579 0.00421 0.00211 0.00316 0.00632 0 0.00754310344827586 0.00323275862068966 0.0021551724137931 39 28 23 26 32 14 17 10 51 34 17 15 0.52632 0.58333 0.76923 0.67647 0.625 0.94737 0.85714 0.96154 0.66667 0.77273 0.59091 0.82143 0.34483 0.48276 0.68966 0.7931 0.17241 0.62069 0.62069 0.86207 0.27586 0.58621 0.44828 0.7931
"88" 0.59574 0.95745 0.95745 0.97872 0.53191 0.87234 0.91489 0.97872 0.538461538461538 0.826923076923077 0.942307692307692 0.961538461538462 0.0053 0.00954 0.00954 0.01273 0.00106 0.00318 0.00106 0.00212 0.00213219616204691 0.00426439232409382 0.00106609808102345 0.00213219616204691 39 18 16 22 36 16 7 5 38 24 7 5 0.6 0.7561 0.90323 0.78788 0.77778 0.83333 0.96667 0.9697 0.75 0.80769 0.86667 0.86486 0.17143 0.88571 0.8 0.74286 0.2 0.71429 0.82857 0.91429 0.08571 0.6 0.74286 0.91429
"89" 0.57692 0.82692 0.90385 0.94231 0.5 0.80769 0.88462 0.90385 0.463414634146341 0.853658536585366 0.926829268292683 0.975609756097561 0.01279 0.00959 0.00426 0.01493 0.0032 0.00213 0.00107 0.00533 0.00105374077976818 0.00421496311907271 0.00632244467860906 0.00421496311907271 49 23 15 26 44 17 11 17 32 17 19 15 0.3913 0.84375 0.87879 0.6875 0.57143 0.96296 1 0.77273 NA 0.84615 0.7931 0.73913 0.23077 0.69231 0.74359 0.84615 0.10256 0.66667 0.76923 0.87179 0 0.5641 0.58974 0.87179
"90" 0.56863 0.88235 0.90196 0.96078 0.45098 0.78431 0.90196 0.96078 0.478260869565217 0.847826086956522 0.91304347826087 1 0.00745 0.00745 0.00852 0.00532 0.00319 0.00106 0.00319 0 0.00317796610169492 0.00529661016949153 0.00741525423728814 0.00105932203389831 39 25 24 9 40 24 14 4 41 20 18 1 0.66667 0.71429 0.75 0.94118 1 0.85714 0.87879 0.9697 1 0.6875 0.5625 0.91176 0.28571 0.71429 0.68571 0.91429 0.11429 0.51429 0.82857 0.91429 0.05714 0.62857 0.51429 0.88571
"91" 0.65 0.95 1 1 0.6 0.925 1 0.975 0.461538461538462 0.807692307692308 0.865384615384615 0.884615384615385 0.01263 0.00842 0.00947 0.00632 0.00421 0.00211 0.00211 0 0.00106609808102345 0.00106609808102345 0.00533049040511727 0.00533049040511727 39 15 16 7 30 9 8 1 43 14 25 18 0.5 0.82609 0.76667 0.96154 0.6 1 0.88462 1 0.4 0.71429 0.72414 0.96 0.30769 0.73077 0.88462 0.96154 0.23077 0.73077 0.88462 0.96154 0.07692 0.76923 0.80769 0.92308
"92" 0.5102 0.91837 0.93878 0.95918 0.4898 0.91837 0.91837 0.95918 0.487179487179487 0.794871794871795 0.871794871794872 0.974358974358974 0.0085 0.01913 0.01913 0.01382 0.00319 0.00319 0.00213 0.00425 0.00525762355415352 0.00420609884332282 0.00841219768664564 0.00525762355415352 42 37 34 23 39 15 16 7 39 24 16 12 0.66667 0.60976 0.65789 0.79487 0.875 0.83333 0.82353 0.97143 0.47368 0.5 0.77419 0.86842 0.27778 0.69444 0.69444 0.86111 0.19444 0.83333 0.77778 0.94444 0.25 0.5 0.66667 0.91667
"93" 0.55814 0.76744 0.86047 0.90698 0.51163 0.72093 0.7907 0.88372 0.477611940298507 0.776119402985075 0.835820895522388 0.880597014925373 0.00845 0.0095 0.00845 0.00845 0 0.00106 0.00106 0.00317 0.00108342361863489 0.00216684723726977 0.00216684723726977 0.00216684723726977 37 31 20 22 34 23 17 17 55 30 24 17 0.53846 0.68182 0.80769 0.6875 1 0.77778 1 0.75862 NA 0.57895 0.53333 0.64706 0.21875 0.46875 0.65625 0.6875 0.0625 0.4375 0.5 0.6875 0 0.34375 0.5 0.6875
"94" 0.5625 0.76562 0.90625 0.92188 0.46875 0.6875 0.84375 0.90625 0.355555555555556 0.755555555555556 0.888888888888889 0.911111111111111 0.00864 0.00864 0.00648 0.00324 0.00324 0.00324 0.00432 0 0.00317460317460317 0.00529100529100529 0.00529100529100529 0.00952380952380952 53 36 28 23 54 29 23 18 39 26 17 30 0.6875 0.69048 0.81395 0.78431 0.875 0.83784 0.90244 0.88636 0.83333 0.67647 0.84211 0.82979 0.2037 0.53704 0.64815 0.74074 0.12963 0.57407 0.68519 0.72222 0.09259 0.42593 0.59259 0.72222
"95" 0.57895 0.89474 0.94737 1 0.55263 0.89474 0.92105 1 0.508771929824561 0.842105263157895 0.929824561403509 0.964912280701754 0.0105 0.01261 0.01261 0.01996 0.00315 0.00315 0.00315 0.0042 0.00321543408360129 0.00321543408360129 0.00321543408360129 0.007502679528403 35 16 17 29 31 7 7 7 50 22 14 13 0.6 0.96 0.75758 0.69231 0.66667 1 1 0.89286 0 0.78571 0.71429 0.82759 0.22222 0.88889 0.92593 0.66667 0.14815 0.88889 0.92593 0.92593 0 0.81481 0.74074 0.88889
"96" 0.54902 0.82353 0.92157 0.92157 0.47059 0.76471 0.88235 0.90196 0.571428571428571 0.8 0.885714285714286 0.942857142857143 0.00958 0.00745 0.00852 0.00852 0.00213 0 0 0.00106 0.00418848167539267 0.00418848167539267 0.00732984293193717 0.00418848167539267 44 22 24 23 41 20 14 9 33 16 17 9 0.71429 0.87097 0.8125 0.75 1 1 1 0.97059 NA 0.51613 0.93939 0.88235 0.2439 0.65854 0.63415 0.65854 0.12195 0.56098 0.68293 0.80488 0 0.39024 0.7561 0.73171
"97" 0.56604 0.79245 0.9434 0.92453 0.39623 0.77358 0.88679 0.9434 0.553191489361702 0.851063829787234 0.936170212765957 1 0.00747 0.01067 0.01067 0.01281 0.0032 0.0032 0.00427 0.00107 0.00106044538706257 0.00212089077412513 0.00106044538706257 0.00212089077412513 47 26 25 30 45 24 23 12 39 18 8 9 0.44444 0.82353 0.73171 0.725 1 0.95455 0.83333 0.96875 0.8 0.62162 0.75676 0.90625 0.19048 0.66667 0.71429 0.69048 0.09524 0.5 0.59524 0.7381 0.09524 0.54762 0.66667 0.69048
"98" 0.46154 0.80769 0.90385 0.92308 0.40385 0.73077 0.90385 0.88462 0.384615384615385 0.769230769230769 0.865384615384615 0.884615384615385 0.01173 0.00959 0.01173 0.0064 0.00107 0.0032 0.00426 0.00107 0.00106609808102345 0.00639658848614072 0.00746268656716418 0.00426439232409382 56 27 30 18 47 22 16 14 49 29 23 17 0.4 0.85294 0.8 0.89189 0.66667 0.93103 0.94286 1 NA 0.73333 0.8125 0.83721 0.08889 0.64444 0.62222 0.73333 0.04444 0.6 0.73333 0.71111 0 0.48889 0.57778 0.8
"99" 0.5625 0.85417 0.91667 0.9375 0.52083 0.8125 0.89583 0.91667 0.441860465116279 0.86046511627907 0.86046511627907 0.953488372093023 0.01486 0.00637 0.00955 0.00743 0.00106 0.00212 0.00318 0.00212 0 0.00527983104540655 0.00633579725448786 0.00422386483632524 46 26 22 17 35 19 13 9 31 19 24 8 0.53333 0.66667 0.72973 0.875 0.7 0.83333 0.875 0.9375 0.6 0.38889 0.70968 0.85185 0.22222 0.55556 0.75 0.77778 0.19444 0.55556 0.77778 0.83333 0.08333 0.38889 0.61111 0.63889
"100" 0.50909 0.85455 0.90909 1 0.38182 0.8 0.87273 0.98182 0.475 0.875 0.925 0.95 0.01176 0.01176 0.00749 0.00642 0.00321 0.00214 0.00214 0 0.00105263157894737 0.00526315789473684 0.00421052631578947 0.0105263157894737 55 26 17 13 50 20 15 2 34 18 13 14 0.35 0.78788 0.90323 0.85366 0.4 1 1 1 1 0.5 0.75862 0.85 0.18421 0.68421 0.73684 0.92105 0.05263 0.55263 0.65789 0.94737 0.05263 0.39474 0.57895 0.89474
