"V1" "V2" "V3" "V4" "V5" "V6" "V7" "V8" "V9" "V10" "V11" "V12" "V13" "V14" "V15" "V16" "V17" "V18" "V19" "V20" "V21" "V22" "V23" "V24" "V25" "V26" "V27" "V28" "V29" "V30" "V31" "V32" "V33" "V34" "V35" "V36" "V37" "V38" "V39" "V40" "V41" "V42" "V43" "V44" "V45" "V46" "V47" "V48" "V49" "V50" "V51" "V52" "V53" "V54" "V55" "V56" "V57" "V58" "V59" "V60"
"1" 0.36585 0.57073 0.68293 0.71707 0.34634 0.55122 0.67805 0.69756 0.186046511627907 0.449612403100775 0.546511627906977 0.596899224806202 0.00579 0.00474 0.00368 0.00447 0.00395 0.00237 0.00105 0.00263 0.0029356818788364 0.00346944222044302 0.00427008273285295 0.0029356818788364 192 141 102 104 185 124 88 92 262 201 178 165 0.60784 0.75758 0.83846 0.87705 0.64444 0.89888 0.88889 0.91803 NA 0.73404 0.83465 0.88148 0.1623 0.39267 0.57068 0.56021 0.15183 0.41885 0.58639 0.58639 0 0.36126 0.55497 0.62304
"2" 0.39437 0.64789 0.71831 0.77934 0.38028 0.61972 0.68075 0.75587 0.313432835820896 0.646766169154229 0.696517412935323 0.761194029850746 0.00448 0.00369 0.0029 0.00185 0.0029 0.00132 0.00158 0.00026 0.00262881177707676 0.00210304942166141 0.00420609884332282 0.00289169295478444 185 128 111 103 187 121 101 77 196 103 120 89 0.64407 0.85714 0.87705 0.92308 0.65217 0.88 0.95536 0.98438 NA 0.79279 0.81633 0.86577 0.19289 0.45685 0.54315 0.54822 0.15228 0.4467 0.54315 0.63959 0 0.4467 0.60914 0.65482
"3" 0.34562 0.57604 0.65899 0.7235 0.33641 0.5576 0.64055 0.70046 0.281746031746032 0.507936507936508 0.599206349206349 0.638888888888889 0.00554 0.00502 0.00396 0.00422 0.00211 0.00185 0.00158 0.00211 0.00239808153477218 0.00426325606181721 0.00346389555022649 0.00319744204636291 202 154 134 132 191 139 126 117 241 175 162 142 0.5 0.76289 0.85577 0.82727 0.66667 0.91566 0.88889 0.88393 NA 0.70103 0.80952 0.80851 0.14 0.37 0.445 0.455 0.11 0.38 0.44 0.495 0 0.34 0.51 0.57
"4" 0.30962 0.56067 0.59833 0.66109 0.31799 0.5272 0.58577 0.64435 0.251046025104602 0.518828451882845 0.573221757322176 0.631799163179916 0.00451 0.00531 0.00292 0.00425 0.00292 0.00345 0.00239 0.00266 0.00238980350504514 0.00424853956452469 0.00265533722782793 0.00345193839617631 218 170 142 140 215 166 143 133 231 165 153 149 0.56897 0.78899 0.91228 0.87302 0.55769 0.78505 0.89381 0.90244 NA 0.71795 0.81481 0.8662 0.14348 0.37391 0.45217 0.47826 0.12609 0.36522 0.43913 0.48261 0 0.36522 0.47826 0.53478
"5" 0.35644 0.65347 0.70792 0.77228 0.34158 0.62376 0.68317 0.76733 0.263392857142857 0.602678571428571 0.638392857142857 0.736607142857143 0.00578 0.00473 0.00447 0.00263 0.00394 0.0021 0.00289 0.00105 0.00238032266596139 0.00317376355461518 0.00423168473948691 0.00290928325839725 186 133 118 90 185 135 109 80 219 138 130 107 0.59322 0.80808 0.82051 0.93913 0.62791 0.76596 0.85965 0.93548 NA 0.81522 0.888 0.88406 0.18717 0.42781 0.51337 0.57754 0.14439 0.38503 0.52406 0.62032 0 0.40107 0.59358 0.65241
"6" 0.36408 0.66019 0.74272 0.78155 0.35922 0.63107 0.72816 0.78641 0.224066390041494 0.510373443983402 0.597510373443983 0.647302904564315 0.00447 0.00447 0.00369 0.00237 0.0029 0.00105 0.00132 0.00132 0.00239107332624867 0.00398512221041445 0.0026567481402763 0.00239107332624867 189 119 105 94 184 107 91 80 236 166 147 141 0.54386 0.88785 0.872 0.92063 0.57692 0.95918 0.91406 0.92647 NA 0.77869 0.85075 0.90728 0.15979 0.48969 0.56186 0.59794 0.15464 0.48454 0.60309 0.64948 0 0.48969 0.58763 0.70619
"7" 0.33607 0.61066 0.65984 0.7377 0.31557 0.59426 0.63115 0.71721 0.258064516129032 0.585253456221198 0.672811059907834 0.732718894009217 0.00292 0.00346 0.00452 0.00213 0.00186 0.00213 0.00292 0.00133 0.00237592397043295 0.0029039070749736 0.00343189017951426 0.00131995776135164 215 149 141 112 215 139 132 111 208 133 123 102 0.65385 0.86486 0.83212 0.92857 0.68182 0.91071 0.87023 0.94118 NA 0.78571 0.79054 0.92414 0.14978 0.42291 0.5022 0.57269 0.13216 0.44934 0.5022 0.56388 0 0.43612 0.51542 0.59031
"8" 0.34247 0.57534 0.63014 0.6758 0.32877 0.56164 0.60731 0.6621 0.269058295964126 0.556053811659193 0.645739910313901 0.681614349775785 0.00555 0.00475 0.00449 0.0037 0.00475 0.00264 0.00238 0.00238 0.00158646218931782 0.00423056583818086 0.00264410364886304 0.00343733474352195 208 151 137 125 204 139 122 120 212 160 125 131 0.66667 0.81818 0.84545 0.88696 0.6 0.92135 0.93269 0.90991 NA 0.70833 0.776 0.8595 0.1244 0.38756 0.44498 0.48804 0.12919 0.39234 0.46411 0.48325 0 0.4067 0.46411 0.49761
"9" 0.33468 0.56048 0.60484 0.66532 0.32661 0.54435 0.58871 0.64919 0.25462962962963 0.592592592592593 0.675925925925926 0.726851851851852 0.00266 0.00319 0.00319 0.00346 0.00213 0.0024 0.0024 0.0024 0.0013196093956189 0.00369490630773291 0.00290314067036157 0.00263921879123779 216 156 161 147 216 157 155 141 197 132 129 109 0.7451 0.88182 0.82051 0.89516 0.75 0.86607 0.84874 0.90244 NA 0.76515 0.86466 0.86928 0.15768 0.40249 0.39834 0.46058 0.14938 0.40249 0.41909 0.46058 0 0.41909 0.47718 0.55187
"10" 0.33466 0.55378 0.59761 0.67331 0.31474 0.50598 0.58566 0.65737 0.297169811320755 0.599056603773585 0.693396226415094 0.726415094339623 0.004 0.00266 0.004 0.0024 0.00266 0.00213 0.00266 0.0016 0.00210914843132085 0.00342736620089639 0.00184550487740575 0.00158186132349064 219 167 152 145 218 172 144 135 206 131 126 93 0.68333 0.81818 0.85827 0.86719 0.76 0.82653 0.88889 0.9 NA 0.76613 0.75817 0.8543 0.17447 0.38298 0.46383 0.47234 0.1617 0.34468 0.4766 0.49787 0 0.40426 0.49362 0.54894
"11" 0.32735 0.59193 0.64126 0.69955 0.31839 0.55605 0.6009 0.6861 0.262626262626263 0.646464646464647 0.696969696969697 0.757575757575758 0.00661 0.00555 0.00423 0.00291 0.00502 0.00264 0.00291 0.00212 0.00131337010769635 0.00341476228001051 0.00183871815077489 0.00157604412923562 224 162 148 121 216 158 141 105 192 125 113 92 0.43137 0.74528 0.79208 0.85124 0.47917 0.77778 0.82828 0.85926 NA 0.57759 0.77311 0.83942 0.10732 0.38537 0.39024 0.50244 0.1122 0.34146 0.4 0.56585 0 0.32683 0.44878 0.56098
"12" 0.28685 0.53386 0.60159 0.64542 0.2749 0.50199 0.59761 0.6255 0.282296650717703 0.583732057416268 0.660287081339713 0.708133971291866 0.00533 0.00453 0.00426 0.0032 0.004 0.00266 0.00266 0.00186 0.00210748155953635 0.00131717597471022 0.00184404636459431 0.00316122233930453 242 179 174 166 234 172 165 152 210 119 102 103 0.61702 0.74167 0.80172 0.84071 0.69565 0.78761 0.84071 0.86667 NA 0.69291 0.80282 0.7973 0.11837 0.36327 0.37959 0.38776 0.13061 0.36327 0.38776 0.42449 0 0.35918 0.46531 0.48163
"13" 0.32883 0.61261 0.67568 0.72973 0.2973 0.58559 0.64414 0.7027 0.266393442622951 0.586065573770492 0.672131147540984 0.733606557377049 0.00529 0.00449 0.00397 0.00423 0.00317 0.00264 0.00132 0.00159 0.00186120712576442 0.00212709385801649 0.0013294336612603 0.0013294336612603 214 145 131 120 212 135 111 106 237 155 130 121 0.54762 0.82407 0.92453 0.86614 0.64286 0.84259 0.93913 0.94262 NA 0.74545 0.81159 0.85714 0.11058 0.42788 0.47115 0.52885 0.08654 0.4375 0.51923 0.55288 0 0.39423 0.53846 0.60577
"14" 0.32143 0.60714 0.64732 0.73214 0.30804 0.58036 0.625 0.71429 0.269058295964126 0.524663677130045 0.659192825112108 0.717488789237668 0.00503 0.00476 0.00317 0.00264 0.00291 0.00344 0.00132 0.00132 0.00343733474352195 0.00423056583818086 0.00237969328397673 0.00237969328397673 201 159 125 109 194 154 121 96 214 168 151 119 0.67273 0.78788 0.96296 0.89394 0.70588 0.82609 0.93694 0.9403 NA 0.76852 0.848 0.9507 0.17371 0.3662 0.48826 0.55399 0.16901 0.35681 0.48826 0.59155 0 0.38967 0.49765 0.6338
"15" 0.2963 0.52675 0.60905 0.63786 0.2963 0.51029 0.58436 0.64198 0.260504201680672 0.521008403361345 0.638655462184874 0.705882352941177 0.00399 0.00425 0.00399 0.00665 0.00425 0.00266 0.00346 0.00346 0.002920095566764 0.00318555880010619 0.00212370586673746 0.002920095566764 227 179 160 171 226 170 162 139 231 161 153 139 0.56818 0.77895 0.77869 0.82609 0.50877 0.75926 0.78814 0.896 NA 0.73333 0.70714 0.82237 0.10823 0.32035 0.41126 0.41126 0.12554 0.35498 0.4026 0.48485 0 0.28571 0.42857 0.54113
"16" 0.38942 0.64904 0.78365 0.82212 0.34135 0.63942 0.76442 0.82212 0.322274881516588 0.625592417061611 0.701421800947867 0.739336492890995 0.00632 0.0029 0.00316 0.00237 0.00342 0.00158 0.00105 0.00053 0.00237216657880865 0.00237216657880865 0.00289931470743279 0.00263574064312072 188 126 107 104 196 116 94 82 199 125 120 96 0.58462 0.85 0.85246 0.88136 0.51351 0.88889 0.91525 0.92188 NA 0.78378 0.88889 0.92199 0.20106 0.44974 0.55026 0.55026 0.10053 0.46561 0.57143 0.62434 0 0.46032 0.63492 0.68783
"17" 0.28992 0.57563 0.64706 0.7437 0.28571 0.54622 0.60084 0.71429 0.280952380952381 0.59047619047619 0.7 0.757142857142857 0.00372 0.00372 0.00398 0.00186 0.00265 0.00212 0.00265 0.00106 0.00368906455862978 0.00421607378129117 0.00289855072463768 0.00131752305665349 224 155 150 136 215 142 140 129 210 137 106 104 0.61905 0.84821 0.77273 0.90435 0.73171 0.87826 0.84252 0.89916 NA 0.75 0.80952 0.875 0.11354 0.41485 0.44541 0.45415 0.131 0.44105 0.46725 0.46725 0 0.40611 0.51965 0.61135
"18" 0.32432 0.58108 0.65766 0.71622 0.32432 0.55405 0.62613 0.69369 0.267206477732794 0.489878542510121 0.57085020242915 0.607287449392713 0.00476 0.00423 0.00449 0.00238 0.00132 0.00185 0.00132 0.00106 0.00239489089941458 0.00425758382118148 0.00319318786588611 0.00319318786588611 211 147 137 122 197 134 121 112 233 171 149 149 0.54762 0.82828 0.82609 0.86207 0.71429 0.86275 0.90566 0.8843 NA 0.76852 0.81818 0.80147 0.1122 0.4 0.46341 0.4878 0.12195 0.42927 0.46829 0.52195 0 0.40488 0.52683 0.53171
"19" 0.32174 0.55652 0.58261 0.65652 0.31739 0.53913 0.56087 0.64348 0.245614035087719 0.587719298245614 0.649122807017544 0.714912280701754 0.00371 0.00265 0.00424 0.00424 0.00397 0.00159 0.00318 0.00265 0.00317712470214456 0.00211808313476304 0.00211808313476304 0.00238284352660842 206 149 153 144 210 143 149 134 221 145 135 116 0.52239 0.81731 0.82243 0.82759 0.50847 0.88298 0.84466 0.85841 NA 0.69492 0.79032 0.79333 0.16129 0.39171 0.40553 0.4424 0.13825 0.38249 0.40092 0.447 0 0.37788 0.45161 0.54839
"20" 0.37209 0.64651 0.68372 0.72558 0.35349 0.60465 0.66512 0.71628 0.275862068965517 0.538793103448276 0.612068965517241 0.676724137931034 0.00449 0.00343 0.00343 0.00422 0.00449 0.00158 0.00211 0.00211 0.0021203286509409 0.00344553405777896 0.00344553405777896 0.00185528756957328 198 135 116 98 203 127 112 88 217 163 140 143 0.6 0.80909 0.88333 0.90141 0.58974 0.85577 0.92105 0.94118 NA 0.77119 0.88571 0.90132 0.13107 0.43204 0.51456 0.62136 0.11165 0.43204 0.50971 0.62136 0 0.44175 0.60194 0.66505
"21" 0.37073 0.69756 0.75122 0.78049 0.36585 0.66341 0.70732 0.74634 0.313364055299539 0.612903225806452 0.668202764976959 0.732718894009217 0.00474 0.00447 0.005 0.00447 0.00289 0.00237 0.00158 0.00158 0.00184794086589229 0.00131995776135164 0.00527983104540655 0.00211193241816262 196 121 113 110 187 114 95 93 205 120 151 109 0.5 0.85586 0.875 0.89076 0.6 0.8785 0.90083 0.94915 NA 0.81081 0.86923 0.93939 0.11795 0.48718 0.53846 0.54359 0.12308 0.48205 0.55897 0.57436 0 0.46154 0.57949 0.6359
"22" 0.36161 0.60714 0.67411 0.70982 0.35268 0.58929 0.65179 0.70536 0.323809523809524 0.638095238095238 0.70952380952381 0.771428571428571 0.00529 0.0045 0.00264 0.00264 0.0045 0.00159 0.00132 0.00159 0.00237154150197628 0.00316205533596838 0.00368906455862978 0.00184453227931489 204 149 118 113 204 133 109 108 204 125 112 95 0.60714 0.81188 0.86066 0.92174 0.53125 0.80909 0.87302 0.92308 NA 0.75652 0.81752 0.87591 0.16505 0.39806 0.50971 0.51456 0.16505 0.43204 0.53398 0.52427 0 0.42233 0.54369 0.58252
"23" 0.34404 0.6055 0.72477 0.74771 0.32569 0.57339 0.70642 0.73394 0.27027027027027 0.567567567567568 0.653153153153153 0.707207207207207 0.00819 0.00502 0.00264 0.00264 0.00555 0.00264 0.00132 0.00158 0.00158604282315623 0.00343642611683849 0.00237906423473434 0.00317208564631245 215 137 108 108 199 126 100 105 209 148 125 118 0.51786 0.84906 0.92308 0.93805 0.66667 0.8785 0.94828 0.93805 NA 0.76522 0.80272 0.87879 0.14356 0.44554 0.53465 0.52475 0.17822 0.46535 0.54455 0.52475 0 0.43564 0.58416 0.57426
"24" 0.30315 0.51969 0.60236 0.6378 0.27953 0.50394 0.57874 0.61811 0.267241379310345 0.547413793103448 0.599137931034483 0.663793103448276 0.00373 0.0032 0.00267 0.00213 0.00213 0.00293 0.0016 0.00107 0.000795123244102836 0.0021203286509409 0.00291545189504373 0.0021203286509409 233 174 158 153 229 178 152 144 222 145 130 113 0.58182 0.81651 0.84677 0.88983 0.55556 0.80769 0.86885 0.8871 NA 0.63934 0.82877 0.80132 0.12955 0.36032 0.4251 0.4251 0.12146 0.34008 0.42915 0.44534 0 0.31579 0.48988 0.48988
"25" 0.30837 0.62115 0.69163 0.76652 0.32159 0.59031 0.67401 0.74449 0.247826086956522 0.560869565217391 0.652173913043478 0.717391304347826 0.00424 0.00344 0.00238 0.00397 0.00371 0.00212 0.00132 0.00159 0.00264900662251656 0.00344370860927152 0.00264900662251656 0.00370860927152318 216 148 129 112 210 142 121 96 226 146 120 125 0.58537 0.87879 0.9009 0.87413 0.59574 0.88776 0.92105 0.94891 NA 0.81081 0.888 0.93197 0.1106 0.40092 0.46083 0.57604 0.12903 0.40092 0.48387 0.59908 0 0.41475 0.51152 0.63134
"26" 0.37264 0.62264 0.73113 0.80189 0.35849 0.60377 0.71698 0.7783 0.281385281385281 0.554112554112554 0.658008658008658 0.731601731601732 0.00343 0.00316 0.00211 0.00237 0.00264 0.0029 0.00105 0.00079 0.00211976682564918 0.0050344462109168 0.00211976682564918 0.00158982511923688 189 139 118 101 188 133 109 91 219 161 124 116 0.61224 0.78571 0.83051 0.9187 0.61364 0.89773 0.85714 0.94309 NA 0.72477 0.84733 0.93525 0.15228 0.39086 0.49746 0.5736 0.13706 0.40102 0.51777 0.58883 0 0.40102 0.56345 0.6599
"27" 0.32159 0.59031 0.65639 0.68282 0.31718 0.55066 0.63877 0.67401 0.266932270916335 0.51394422310757 0.593625498007968 0.649402390438247 0.00503 0.00529 0.00476 0.00582 0.00318 0.00371 0.00159 0.00238 0.00213106020245072 0.00293020777836974 0.00213106020245072 0.00372935535428876 223 166 150 151 214 159 129 124 241 167 151 154 0.39623 0.76699 0.84112 0.75 0.47917 0.8125 0.94949 0.86992 NA 0.75 0.86667 0.80822 0.09813 0.36916 0.42056 0.4486 0.10748 0.36449 0.43925 0.5 0 0.42056 0.54673 0.5514
"28" 0.34842 0.63348 0.69231 0.74661 0.33484 0.59729 0.65158 0.73756 0.308080808080808 0.626262626262626 0.707070707070707 0.747474747474748 0.00476 0.00211 0.00317 0.00317 0.00291 0.00106 0.00159 0.00053 0.00105069608615708 0.00367743630154978 0.00315208825847124 0.00210139217231416 207 114 140 120 196 120 123 103 185 115 104 85 0.46552 0.91892 0.77391 0.83594 0.53571 0.91089 0.86364 0.90244 NA 0.79279 0.82734 0.89583 0.13235 0.5 0.43627 0.52451 0.14706 0.45098 0.46569 0.54412 0 0.43137 0.56373 0.63235
"29" 0.36574 0.58796 0.66204 0.7037 0.33796 0.56019 0.63426 0.6713 0.237623762376238 0.54950495049505 0.653465346534653 0.727722772277228 0.00528 0.00238 0.00264 0.00422 0.00422 0.00211 0.00158 0.00211 0.00262950302392848 0.00289245332632133 0.00210360241914278 0.00105180120957139 197 140 120 118 196 137 113 105 202 134 110 92 0.54386 0.80208 0.88889 0.89381 0.53061 0.78641 0.91509 0.9375 NA 0.71304 0.72263 0.83333 0.15578 0.38693 0.48241 0.50754 0.13065 0.40704 0.48744 0.52764 0 0.41206 0.49749 0.55276
"30" 0.27511 0.56332 0.59825 0.64629 0.25764 0.53275 0.58079 0.62009 0.244186046511628 0.441860465116279 0.523255813953488 0.565891472868217 0.0053 0.00238 0.00556 0.00477 0.00238 0.00132 0.00238 0.00185 0.00213504136642647 0.00480384307445957 0.00427008273285295 0.00266880170803309 228 150 162 149 221 146 141 133 242 201 175 167 0.4 0.89412 0.7619 0.82143 0.45161 0.875 0.87629 0.89623 NA 0.66957 0.87069 0.8 0.08411 0.35514 0.37383 0.42991 0.06542 0.35981 0.3972 0.44393 0 0.35981 0.47196 0.48598
"31" 0.31687 0.52263 0.60082 0.63786 0.31276 0.49794 0.58436 0.62551 0.276018099547511 0.615384615384615 0.705882352941177 0.751131221719457 0.00558 0.00452 0.00532 0.00478 0.00425 0.00399 0.00372 0.00239 0.00343551797040169 0.00317124735729387 0.00290697674418605 0.00132135306553911 227 178 158 155 221 173 153 142 221 128 135 101 0.625 0.76596 0.82051 0.81452 0.61017 0.76471 0.84821 0.86777 NA 0.66949 0.79562 0.84672 0.15021 0.30901 0.41202 0.43348 0.15451 0.33476 0.40773 0.45064 0 0.33906 0.46781 0.49785
"32" 0.37443 0.621 0.73516 0.75342 0.36073 0.60274 0.6895 0.74429 0.29 0.61 0.7 0.73 0.00423 0.00185 0.00158 0.00264 0.00264 0.00053 0.00106 0.00079 0.00236530880420499 0.00289093298291721 0.00210249671484888 0.00183968462549277 197 120 108 114 192 115 106 99 191 128 106 89 0.52239 0.89286 0.93162 0.85271 0.72093 0.92523 0.896 0.92 NA 0.73984 0.82781 0.88514 0.17157 0.4902 0.53431 0.53922 0.15196 0.48529 0.54902 0.56373 0 0.44608 0.61275 0.64216
"33" 0.36709 0.59494 0.65823 0.71308 0.35021 0.57384 0.64135 0.70886 0.297029702970297 0.653465346534653 0.732673267326733 0.767326732673267 0.00345 0.00265 0.00398 0.00186 0.00239 0.00265 0.00292 0.00186 0.00262950302392848 0.00210360241914278 0.00157770181435709 0.00210360241914278 209 156 140 123 210 159 133 122 187 109 96 90 0.66102 0.80556 0.88235 0.94167 0.73333 0.78505 0.91453 0.92 NA 0.7561 0.86525 0.86 0.17257 0.38496 0.4646 0.5 0.14602 0.37168 0.47345 0.50885 0 0.4115 0.53982 0.5708
"34" 0.35217 0.55217 0.65217 0.7 0.3 0.53913 0.64348 0.68261 0.266355140186916 0.630841121495327 0.677570093457944 0.771028037383178 0.0045 0.00397 0.00344 0.00238 0.00318 0.00265 0.00265 0.00132 0.00395673964653126 0.00316539171722501 0.00342917436032709 0.00237404378791876 205 163 150 120 207 152 143 117 215 127 131 116 0.60656 0.78125 0.83838 0.90833 0.68182 0.85263 0.83962 0.92982 NA 0.70248 0.80576 0.8227 0.17209 0.34884 0.38605 0.50698 0.13953 0.37674 0.41395 0.49302 0 0.39535 0.52093 0.53953
"35" 0.34348 0.56522 0.66087 0.72609 0.33043 0.53478 0.65652 0.7 0.264705882352941 0.592436974789916 0.676470588235294 0.714285714285714 0.00265 0.00424 0.00318 0.00344 0.00212 0.00265 0.00106 0.00159 0.00132731616671091 0.00212370586673746 0.002920095566764 0.00159277940005309 207 159 133 128 205 142 114 113 235 148 129 127 0.56364 0.74528 0.85841 0.82946 0.63415 0.85859 0.87903 0.92373 NA 0.67521 0.76056 0.80921 0.14623 0.37264 0.45755 0.50472 0.12264 0.40094 0.51415 0.51415 0 0.37264 0.50943 0.58019
"36" 0.33475 0.59322 0.66949 0.74153 0.30508 0.56356 0.63983 0.73729 0.25 0.5625 0.665178571428571 0.745535714285714 0.00504 0.00265 0.00371 0.00292 0.00425 0.00186 0.00212 0.00133 0.00211584236974345 0.00423168473948691 0.00290928325839725 0.00290928325839725 211 141 148 114 223 145 129 104 218 154 130 116 0.625 0.90476 0.79365 0.91241 0.59524 0.86792 0.84848 0.92701 NA 0.76033 0.88976 0.85333 0.18265 0.43379 0.45662 0.57078 0.11416 0.42009 0.51142 0.57991 0 0.42009 0.51598 0.58447
"37" 0.35714 0.69524 0.78095 0.79524 0.31905 0.64286 0.7381 0.77619 0.269230769230769 0.600961538461538 0.682692307692308 0.725961538461538 0.00527 0.00316 0.00158 0.00237 0.00343 0.00184 0.00105 0.00158 0.00263365815117198 0.00342375559652357 0.00342375559652357 0.00184356070582038 199 131 108 102 190 120 101 96 207 130 122 102 0.5 0.79412 0.82787 0.84496 0.62162 0.82692 0.8595 0.87302 NA 0.75439 0.86232 0.8705 0.13542 0.42188 0.52604 0.56771 0.11979 0.44792 0.54167 0.57292 0 0.44792 0.61979 0.63021
"38" 0.33632 0.63229 0.70852 0.76682 0.32735 0.61435 0.67265 0.75336 0.230769230769231 0.51131221719457 0.633484162895928 0.69683257918552 0.00344 0.00317 0.00317 0.00212 0.00317 0.00132 0.00132 0.00053 0.00317124735729387 0.00396405919661734 0.00264270613107822 0.00158562367864693 208 144 114 112 210 135 102 99 222 155 124 103 0.53488 0.86022 0.92373 0.87692 0.54054 0.8913 0.92126 0.94309 NA 0.70642 0.86525 0.8951 0.11165 0.38835 0.52913 0.5534 0.09709 0.39806 0.56796 0.56311 0 0.37379 0.59223 0.62136
"39" 0.2907 0.47287 0.53876 0.58915 0.27132 0.44961 0.51163 0.57752 0.26530612244898 0.551020408163265 0.63265306122449 0.681632653061224 0.00347 0.00454 0.00454 0.00507 0.00347 0.00347 0.00347 0.00374 0.0023936170212766 0.00212765957446809 0.00319148936170213 0.00372340425531915 235 196 196 178 244 199 181 172 223 149 156 137 0.60714 0.71963 0.75248 0.83621 0.55556 0.74468 0.79091 0.82906 NA 0.525 0.64748 0.76582 0.13546 0.30677 0.30279 0.38645 0.0996 0.27888 0.34661 0.38645 0 0.251 0.35857 0.48207
"40" 0.35526 0.65789 0.71491 0.73246 0.33772 0.64035 0.71053 0.72807 0.240343347639485 0.59656652360515 0.648068669527897 0.699570815450644 0.00503 0.00291 0.00265 0.00265 0.00397 0.00106 0.00106 0.00132 0.00212089077412513 0.00344644750795334 0.00212089077412513 0.00185577942735949 201 132 120 107 195 120 102 106 217 147 145 120 0.68254 0.89091 0.91057 0.92969 0.74138 0.92035 0.97521 0.944 NA 0.85593 0.94964 0.94286 0.20188 0.46009 0.52582 0.55869 0.20188 0.48826 0.55399 0.55399 0 0.47418 0.61972 0.61972
"41" 0.3176 0.55794 0.60944 0.67811 0.28755 0.5279 0.58798 0.65665 0.285024154589372 0.685990338164251 0.719806763285024 0.772946859903382 0.00398 0.0053 0.00451 0.00292 0.00212 0.00345 0.00345 0.00133 0.0023696682464455 0.00289626119010005 0.00289626119010005 0.00263296471827278 218 167 151 123 213 165 151 120 202 126 101 87 0.5625 0.79208 0.84545 0.91803 0.66667 0.77 0.84112 0.91736 NA 0.62712 0.82258 0.86765 0.12162 0.36036 0.41892 0.5045 0.10811 0.34685 0.40541 0.5 0 0.33333 0.45946 0.53153
"42" 0.36986 0.6621 0.74429 0.76256 0.3516 0.62557 0.71233 0.75342 0.269058295964126 0.560538116591928 0.62780269058296 0.699551569506726 0.00343 0.00343 0.00396 0.00132 0.00238 0.00238 0.00185 0.00079 0.00370174510840825 0.00264410364886304 0.00211528291909043 0.00475938656795346 192 128 120 93 191 126 111 83 205 144 123 126 0.71429 0.87037 0.88889 0.94355 0.71111 0.84821 0.93636 0.96154 NA 0.78906 0.83333 0.8777 0.17588 0.47236 0.52261 0.58794 0.1608 0.47739 0.51759 0.62814 0 0.50754 0.60302 0.61307
"43" 0.30894 0.50407 0.58537 0.61789 0.29675 0.46748 0.56098 0.61382 0.313364055299539 0.594470046082949 0.63594470046083 0.663594470046083 0.00505 0.00532 0.00372 0.00399 0.00479 0.00399 0.00266 0.00293 0.00263991552270327 0.00369588173178458 0.0029039070749736 0.0029039070749736 217 187 162 160 217 182 168 149 199 138 122 126 0.61972 0.68807 0.83636 0.88073 0.66154 0.76289 0.82 0.89655 NA 0.68468 0.77372 0.79021 0.18723 0.31915 0.39149 0.40851 0.18298 0.31489 0.34894 0.44255 0 0.3234 0.45106 0.48085
"44" 0.329 0.55844 0.63203 0.70563 0.2987 0.52381 0.59307 0.68831 0.297169811320755 0.64622641509434 0.759433962264151 0.811320754716981 0.00371 0.00503 0.00265 0.00238 0.00291 0.00291 0.00185 0.00132 0.00263643553915107 0.00184550487740575 0.00290007909306617 0.00158186132349064 210 168 137 119 200 151 128 115 210 115 113 71 0.6 0.76596 0.89524 0.89062 0.75 0.84536 0.89908 0.94872 NA 0.78846 0.82031 0.90278 0.13761 0.33028 0.43119 0.52294 0.16514 0.37615 0.44954 0.50917 0 0.37615 0.48165 0.59633
"45" 0.35577 0.65865 0.74038 0.76923 0.33654 0.62981 0.72596 0.76442 0.260089686098655 0.618834080717489 0.699551569506726 0.739910313901345 0.00237 0.0029 0.00316 0.00316 0.00237 0.00079 0.00184 0.00105 0.00158646218931782 0.00237969328397673 0.00343733474352195 0.00158646218931782 182 120 112 101 185 116 103 91 208 128 123 109 0.65306 0.86792 0.84615 0.91736 0.66667 0.88119 0.91892 0.92562 NA 0.80357 0.93333 0.93233 0.16754 0.48168 0.51832 0.58115 0.1466 0.46597 0.53403 0.58639 0 0.4712 0.58639 0.64921
"46" 0.30093 0.67593 0.69907 0.74537 0.31481 0.65278 0.68981 0.74074 0.280542986425339 0.552036199095023 0.610859728506787 0.69683257918552 0.00422 0.00185 0.00264 0.00317 0.00317 0.00079 0.00106 0.00053 0.00211416490486258 0.00317124735729387 0.00369978858350951 0.00184989429175476 206 121 119 117 203 107 106 94 214 141 143 118 0.57895 0.90099 0.90741 0.84426 0.57143 0.90435 0.91304 0.912 NA 0.83333 0.79412 0.88966 0.10891 0.4505 0.48515 0.5099 0.09901 0.51485 0.5198 0.56436 0 0.4703 0.53465 0.63861
"47" 0.35377 0.65566 0.7217 0.75472 0.31604 0.60849 0.68868 0.7217 0.276497695852535 0.599078341013825 0.686635944700461 0.732718894009217 0.00606 0.00527 0.00475 0.00475 0.00527 0.00132 0.00158 0.00343 0.00237592397043295 0.00237592397043295 0.00343189017951426 0.00316789862724393 200 135 122 115 203 106 107 100 204 139 130 120 0.76744 0.85455 0.89076 0.91057 0.66667 0.97248 0.89344 0.92366 NA 0.82727 0.84615 0.91096 0.16176 0.46078 0.51961 0.54902 0.13725 0.51961 0.53431 0.59314 0 0.44608 0.53922 0.65196
"48" 0.33065 0.58065 0.66532 0.73387 0.29839 0.54839 0.64113 0.72177 0.261061946902655 0.513274336283186 0.606194690265487 0.68141592920354 0.00399 0.00426 0.00133 0.00186 0.0024 0.00186 0.00053 0.00133 0.00238158242921408 0.00370468377877745 0.00370468377877745 0.00185234188938873 222 170 137 141 221 151 130 131 222 151 149 136 0.64286 0.83019 0.92174 0.88983 0.76471 0.91089 0.93103 0.92562 NA 0.68116 0.83784 0.84967 0.15789 0.38596 0.46491 0.46053 0.11404 0.40351 0.47368 0.49123 0 0.41228 0.54386 0.57018
"49" 0.36866 0.63594 0.74654 0.78341 0.32719 0.63134 0.7235 0.76498 0.240963855421687 0.546184738955823 0.618473895582329 0.654618473895582 0.00449 0.00317 0.00343 0.00211 0.00317 0.00185 0.00132 0.00106 0.00212992545260916 0.00266240681576145 0.00266240681576145 0.00292864749733759 193 126 109 105 193 117 94 91 246 165 151 154 0.7037 0.875 0.87121 0.925 0.70213 0.89474 0.91603 0.95968 NA 0.85088 0.87162 0.92208 0.18627 0.48039 0.56373 0.54412 0.16176 0.5 0.58824 0.58333 0 0.47549 0.63235 0.69608
"50" 0.36444 0.60444 0.63556 0.69333 0.35556 0.56889 0.60889 0.68444 0.264840182648402 0.538812785388128 0.621004566210046 0.689497716894977 0.00344 0.00397 0.00212 0.00265 0.00238 0.00238 0.00185 0.00159 0.00237717908082409 0.00264131008980454 0.00316957210776545 0.00184891706286318 208 151 127 120 203 148 115 115 210 149 137 115 0.52727 0.7757 0.90566 0.91071 0.55319 0.78641 0.93805 0.90351 NA 0.7931 0.82443 0.82114 0.13876 0.39713 0.45933 0.48804 0.1244 0.38756 0.50718 0.49282 0 0.44019 0.51675 0.48325
"51" 0.39487 0.6 0.72821 0.75385 0.37949 0.57949 0.69744 0.74359 0.311965811965812 0.576923076923077 0.662393162393162 0.700854700854701 0.0042 0.0042 0.00262 0.00551 0.00341 0.00341 0.00184 0.00184 0.00238663484486874 0.00371254309201803 0.00238663484486874 0.00185627154600902 174 134 99 101 168 135 88 87 213 158 127 115 0.57407 0.81928 0.84348 0.82308 0.64151 0.73626 0.9115 0.88889 NA 0.66355 0.79545 0.83088 0.17127 0.37569 0.53591 0.59116 0.18785 0.37017 0.56906 0.57459 0 0.39227 0.58011 0.62431
"52" 0.34615 0.58547 0.66667 0.7094 0.32479 0.57692 0.64103 0.68803 0.261904761904762 0.604761904761905 0.719047619047619 0.795238095238095 0.00345 0.00345 0.00186 0.00292 0.00239 0.00212 0.00186 0.00159 0.00158102766798419 0.00368906455862978 0.00289855072463768 0.00237154150197628 204 165 138 127 208 153 139 108 203 143 117 97 0.61017 0.75 0.85714 0.9 0.58491 0.82 0.88462 0.92424 NA 0.75 0.84672 0.86986 0.1659 0.34562 0.4424 0.4977 0.14286 0.37788 0.42396 0.56221 0 0.42857 0.53456 0.58525
"53" 0.32479 0.59829 0.66667 0.69231 0.30769 0.56838 0.64103 0.67949 0.266355140186916 0.593457943925234 0.658878504672897 0.724299065420561 0.00557 0.00292 0.00239 0.00292 0.00371 0.00186 0.00133 0.00106 0.00211026114481667 0.00290160907412292 0.00237404378791876 0.0015826958586125 218 147 131 142 206 143 126 128 200 132 117 87 0.60377 0.81897 0.89381 0.81967 0.67308 0.91667 0.94444 0.87288 NA 0.79487 0.9127 0.84559 0.1448 0.42986 0.45701 0.45249 0.15837 0.39819 0.46154 0.46606 0 0.42081 0.52036 0.52036
"54" 0.34529 0.63229 0.68161 0.74439 0.3139 0.59193 0.65022 0.73543 0.264705882352941 0.487394957983193 0.57563025210084 0.634453781512605 0.00582 0.00423 0.00238 0.00291 0.00291 0.00264 0.00159 0.00132 0.00132731616671091 0.00212370586673746 0.00185824263339527 0.00106185293336873 214 140 126 107 201 134 115 91 222 168 141 131 0.58333 0.83036 0.87931 0.90977 0.75676 0.85981 0.94643 0.94203 NA 0.83654 0.88095 0.90278 0.13146 0.43662 0.47887 0.56808 0.13146 0.43192 0.49765 0.61033 0 0.40845 0.52113 0.61033
"55" 0.28511 0.52766 0.61277 0.68936 0.27234 0.50213 0.57872 0.64681 0.251046025104602 0.506276150627615 0.610878661087866 0.648535564853556 0.00451 0.00424 0.00318 0.00531 0.00424 0.00159 0.00186 0.00318 0.00132766861391397 0.00371747211895911 0.0039830058417419 0.00212426978226235 217 176 154 151 222 161 148 141 232 157 145 133 0.5614 0.72 0.84615 0.825 0.46552 0.78947 0.92553 0.88288 NA 0.67593 0.8 0.79114 0.14286 0.32143 0.39286 0.44196 0.12054 0.33482 0.38839 0.4375 0 0.32589 0.46429 0.55804
"56" 0.375 0.62019 0.69712 0.74519 0.35577 0.60096 0.68269 0.72115 0.247826086956522 0.508695652173913 0.6 0.660869565217391 0.00395 0.00395 0.00369 0.00316 0.0029 0.00184 0.00211 0.00132 0.00211920529801325 0.0047682119205298 0.00370860927152318 0.00264900662251656 194 140 115 109 191 121 108 94 231 169 151 129 0.54762 0.78351 0.82114 0.85714 0.55882 0.84466 0.86842 0.90083 NA 0.78704 0.89431 0.83942 0.11856 0.39175 0.52062 0.52577 0.09794 0.44845 0.51031 0.56186 0 0.43814 0.56701 0.59278
"57" 0.34188 0.61538 0.7094 0.78205 0.33333 0.60684 0.67949 0.76496 0.288288288288288 0.608108108108108 0.684684684684685 0.725225225225225 0.00477 0.00292 0.00318 0.00292 0.00371 0.00265 0.00133 0.00159 0.0021147237642083 0.00264340470526038 0.00290774517578641 0.00317208564631245 217 138 129 115 216 140 117 110 212 135 121 108 0.55932 0.82927 0.82222 0.90977 0.52632 0.84348 0.87597 0.9037 NA 0.74603 0.8777 0.90123 0.15068 0.46575 0.50685 0.55251 0.13699 0.44292 0.51598 0.55708 0 0.42922 0.55708 0.66667
"58" 0.33632 0.6009 0.66368 0.713 0.34081 0.56502 0.63229 0.69955 0.242553191489362 0.531914893617021 0.591489361702128 0.663829787234043 0.00423 0.00529 0.00185 0.00238 0.00264 0.00185 0.00026 0.00106 0.0026525198938992 0.00291777188328912 0.00424403183023873 0.0026525198938992 209 157 121 125 200 143 106 109 230 159 157 131 0.53061 0.78095 0.90517 0.87826 0.66667 0.80952 0.91129 0.91803 NA 0.66923 0.78723 0.89706 0.12322 0.38863 0.49763 0.47867 0.14218 0.40284 0.53555 0.53081 0 0.41232 0.52607 0.5782
"59" 0.42927 0.69268 0.76098 0.78537 0.4 0.66341 0.72195 0.77073 0.270742358078603 0.580786026200873 0.633187772925764 0.676855895196507 0.005 0.00316 0.00105 0.00289 0.00289 0.00184 0.00105 0.00105 0.00105932203389831 0.00264830508474576 0.00344279661016949 0.00238347457627119 177 122 80 96 174 116 89 79 224 143 133 128 0.59211 0.83962 0.975 0.92562 0.69231 0.84615 0.95614 0.96748 NA 0.8913 0.936 0.91729 0.2381 0.4709 0.61905 0.59259 0.19048 0.46561 0.57672 0.62963 0 0.43386 0.61905 0.6455
"60" 0.4 0.68718 0.70256 0.79487 0.39487 0.64615 0.67692 0.75897 0.294930875576037 0.589861751152074 0.67741935483871 0.737327188940092 0.00551 0.00315 0.00472 0.00367 0.00394 0.00105 0.00105 0.00157 0.00237592397043295 0.00316789862724393 0.00343189017951426 0.0029039070749736 177 123 121 100 174 111 98 82 211 133 122 109 0.64815 0.8 0.76724 0.89091 0.64706 0.91011 0.87156 0.9386 NA 0.8764 0.86777 0.86429 0.19553 0.44693 0.49721 0.54749 0.18436 0.45251 0.53073 0.59777 0 0.43575 0.58659 0.67598
"61" 0.28279 0.54508 0.61475 0.67213 0.27049 0.52869 0.57377 0.66803 0.303964757709251 0.572687224669604 0.656387665198238 0.704845814977974 0.00425 0.00399 0.00319 0.00266 0.00213 0.0016 0.00266 0.00106 0.00238221281101112 0.00397035468501853 0.00211752249867655 0.00238221281101112 227 175 160 139 214 162 154 126 198 149 123 128 0.54717 0.7619 0.82143 0.89076 0.69565 0.80769 0.84545 0.9187 NA 0.65385 0.808 0.9 0.12664 0.34934 0.40175 0.46288 0.13974 0.36681 0.40611 0.49345 0 0.29694 0.44105 0.55022
"62" 0.33921 0.57269 0.61233 0.68282 0.3348 0.53744 0.59031 0.66079 0.271604938271605 0.530864197530864 0.584362139917695 0.650205761316872 0.00185 0.00212 0.0045 0.00344 0.00238 0.00159 0.00265 0.00106 0.00212652844231792 0.00292397660818713 0.00505050505050505 0.00239234449760766 200 142 139 137 195 134 129 116 223 173 163 147 0.58 0.79091 0.80833 0.81034 0.61818 0.85981 0.8972 0.88235 NA 0.73148 0.74825 0.77536 0.13876 0.41627 0.46411 0.44976 0.16268 0.44019 0.45933 0.50239 0 0.37799 0.51196 0.51196
"63" 0.23387 0.47984 0.54839 0.59677 0.22581 0.46371 0.53629 0.56452 0.281938325991189 0.585903083700441 0.647577092511013 0.713656387665198 0.00506 0.00373 0.00319 0.00319 0.00532 0.0024 0.00186 0.00186 0.00158814187400741 0.00344097406034939 0.00449973530968767 0.00105876124933827 242 186 163 159 248 187 153 153 215 142 143 99 0.55263 0.75556 0.84762 0.8087 0.38636 0.76923 0.88462 0.85586 NA 0.63934 0.77236 0.8 0.08936 0.28936 0.37872 0.39574 0.07234 0.25532 0.39149 0.40426 0 0.33191 0.40426 0.4766
"64" 0.38318 0.64486 0.69159 0.75701 0.3785 0.6215 0.66822 0.74299 0.32258064516129 0.585253456221198 0.682027649769585 0.746543778801843 0.00528 0.00132 0.00264 0.00343 0.00317 0.00053 0.00079 0.00079 0.00237592397043295 0.00211193241816262 0.00316789862724393 0.0029039070749736 187 123 101 108 178 115 99 85 214 132 118 108 0.7193 0.84112 0.87692 0.88 0.77358 0.8785 0.91525 0.952 NA 0.78378 0.89344 0.88889 0.20707 0.45455 0.57576 0.55556 0.20707 0.47475 0.54545 0.60101 0 0.43939 0.55051 0.60606
"65" 0.38679 0.61321 0.69811 0.73113 0.35849 0.58019 0.66981 0.72642 0.266968325791855 0.565610859728507 0.642533936651584 0.714932126696833 0.00554 0.0029 0.00369 0.00316 0.00422 0.00158 0.00158 0.00158 0.0023784355179704 0.00422832980972516 0.00422832980972516 0.00211416490486258 186 125 128 103 185 117 115 99 224 147 128 104 0.66129 0.84259 0.87736 0.84848 0.63158 0.86364 0.91429 0.89431 NA 0.73333 0.81061 0.82432 0.20603 0.45729 0.46734 0.56281 0.1809 0.47739 0.48241 0.55276 0 0.44221 0.53769 0.61307
"66" 0.34742 0.64319 0.69953 0.73709 0.30516 0.59155 0.68075 0.70892 0.266990291262136 0.631067961165049 0.737864077669903 0.796116504854369 0.00422 0.00343 0.0029 0.00316 0.00343 0.00105 0.00158 0.00132 0.00263227165043432 0.00263227165043432 0.00210581732034746 0.00184259015530403 196 138 126 102 208 129 119 99 199 119 94 92 0.47619 0.77778 0.8125 0.89764 0.48 0.83333 0.83784 0.91667 NA 0.7931 0.7619 0.79739 0.15075 0.42211 0.45729 0.57286 0.0603 0.40201 0.46734 0.55276 0 0.46231 0.56281 0.61307
"67" 0.38308 0.68159 0.74129 0.78109 0.35821 0.63682 0.74129 0.77612 0.307692307692308 0.649038461538462 0.701923076923077 0.769230769230769 0.00552 0.00421 0.00342 0.00394 0.00447 0.00158 0.00079 0.00184 0.00184356070582038 0.00131682907558599 0.00263365815117198 0.00289702396628918 186 124 96 94 188 105 77 87 189 101 112 88 0.59184 0.83654 0.84615 0.87903 0.52 0.91 0.94215 0.92982 NA 0.72115 0.86567 0.83448 0.16022 0.48066 0.60773 0.60221 0.14365 0.50276 0.62983 0.58564 0 0.41436 0.64088 0.66851
"68" 0.31579 0.57456 0.66667 0.70614 0.29386 0.55263 0.64035 0.67544 0.25974025974026 0.506493506493506 0.575757575757576 0.623376623376623 0.0045 0.00371 0.00318 0.00318 0.00371 0.00238 0.00185 0.00106 0.00291467938526762 0.00344462109167992 0.00264970853206147 0.00423953365129836 212 153 118 123 214 148 113 105 221 153 145 131 0.53448 0.7963 0.87023 0.90323 0.5 0.81132 0.89062 0.92308 NA 0.75676 0.80137 0.86184 0.1422 0.3945 0.52294 0.51376 0.11009 0.3945 0.52294 0.55046 0 0.38532 0.5367 0.60092
"69" 0.33628 0.5885 0.63274 0.71239 0.29204 0.5531 0.61062 0.68584 0.328282828282828 0.601010101010101 0.727272727272727 0.777777777777778 0.00529 0.00503 0.00423 0.00318 0.00423 0.00238 0.00185 0.00159 0.00210139217231416 0.00367743630154978 0.0026267402153927 0.00236406619385343 213 153 137 132 221 138 122 118 190 125 97 90 0.5 0.78182 0.89908 0.90179 0.4359 0.87255 0.89744 0.92308 NA 0.68807 0.78014 0.84672 0.13488 0.4 0.45581 0.46977 0.07907 0.41395 0.48837 0.50233 0 0.34884 0.51163 0.53953
"70" 0.32877 0.62557 0.68493 0.74886 0.30137 0.59817 0.68037 0.72603 0.276018099547511 0.606334841628959 0.69683257918552 0.769230769230769 0.00475 0.00423 0.00343 0.00238 0.00396 0.00211 0.00106 0.00132 0.000528541226215645 0.00369978858350951 0.00184989429175476 0.00211416490486258 209 137 123 96 206 124 107 89 205 139 121 100 0.5641 0.81897 0.88034 0.91111 0.61111 0.83193 0.93966 0.9542 NA 0.72807 0.81295 0.89041 0.10526 0.45455 0.49282 0.58852 0.10526 0.47368 0.52153 0.59809 0 0.39713 0.54067 0.62201
"71" 0.36364 0.5933 0.67464 0.76555 0.34928 0.57895 0.66507 0.73684 0.262008733624454 0.532751091703057 0.602620087336245 0.668122270742358 0.00395 0.00527 0.00237 0.00316 0.00342 0.00263 0.00158 0.00184 0.00238347457627119 0.00344279661016949 0.00317796610169492 0.00344279661016949 187 157 120 113 185 146 116 107 219 168 155 138 0.64706 0.71875 0.87963 0.9115 0.64151 0.80233 0.90385 0.93636 NA 0.7449 0.87069 0.912 0.16418 0.34328 0.47264 0.51244 0.16915 0.34328 0.46766 0.51244 0 0.36318 0.50249 0.56716
"72" 0.32314 0.53712 0.60699 0.64629 0.29258 0.50218 0.58079 0.62009 0.286363636363636 0.577272727272727 0.663636363636364 0.731818181818182 0.00636 0.00503 0.00371 0.00371 0.0053 0.00212 0.00238 0.00132 0.00158520475561427 0.00343461030383091 0.00343461030383091 0.00132100396301189 226 164 144 136 221 150 145 122 200 141 132 106 0.40476 0.77083 0.86316 0.85185 0.43478 0.80208 0.84615 0.83471 NA 0.63158 0.75182 0.75168 0.08173 0.35577 0.39423 0.44231 0.09615 0.37019 0.37019 0.48558 0 0.34615 0.49519 0.53846
"73" 0.33333 0.54583 0.60833 0.65417 0.30417 0.53333 0.6 0.64167 0.272300469483568 0.60093896713615 0.685446009389671 0.704225352112676 0.00425 0.00478 0.00319 0.00239 0.00292 0.00186 0.00159 8e-04 0.00290084388185654 0.00290084388185654 0.00237341772151899 0.00210970464135021 227 159 159 142 217 149 146 131 206 120 118 114 0.47273 0.81579 0.81905 0.8254 0.59574 0.87736 0.82143 0.86508 NA 0.66102 0.80882 0.84459 0.11504 0.4115 0.38053 0.46018 0.12389 0.4115 0.40708 0.4823 0 0.34513 0.48673 0.5531
"74" 0.33505 0.65464 0.70619 0.75773 0.30928 0.6134 0.67526 0.74227 0.244813278008299 0.531120331950207 0.601659751037344 0.651452282157676 0.00551 0.00472 0.00446 0.00367 0.00394 0.00157 0.00184 0.00184 0.00292242295430393 0.00345377258235919 0.00159404888416578 0.00212539851222104 195 131 119 97 182 110 101 84 244 167 135 137 0.42553 0.84946 0.89109 0.89256 0.51923 0.89691 0.93333 0.93388 NA 0.76636 0.875 0.87407 0.10526 0.41579 0.47368 0.56842 0.14211 0.45789 0.51579 0.59474 0 0.43158 0.62632 0.62105
"75" 0.29461 0.56017 0.64315 0.65975 0.29461 0.54357 0.62656 0.6556 0.217391304347826 0.526086956521739 0.652173913043478 0.678260869565217 0.00372 0.00452 0.00319 0.00425 0.00266 0.00213 0.00213 0.00319 0.00370860927152318 0.00423841059602649 0.00185430463576159 0.0047682119205298 220 168 138 139 220 163 128 129 234 161 131 146 0.60714 0.81731 0.88095 0.88189 0.66667 0.83505 0.87313 0.928 NA 0.70588 0.85616 0.81366 0.14655 0.36638 0.47845 0.48276 0.12069 0.34914 0.50431 0.5 0 0.36207 0.53879 0.56466
"76" 0.33484 0.57014 0.62896 0.66516 0.30769 0.55656 0.61086 0.65611 0.262443438914027 0.588235294117647 0.656108597285068 0.705882352941177 0.00396 0.00344 0.00317 0.00344 0.00317 0.00185 0.00211 0.00238 0.00184989429175476 0.00369978858350951 0.00317124735729387 0.00184989429175476 204 155 126 124 204 137 122 122 202 157 131 114 0.58696 0.76842 0.875 0.91071 0.58974 0.86316 0.95 0.92593 NA 0.70588 0.78906 0.9084 0.12981 0.35096 0.47115 0.49038 0.11058 0.39423 0.45673 0.48077 0 0.34615 0.48558 0.57212
"77" 0.37438 0.65517 0.75369 0.82759 0.35961 0.62562 0.71921 0.80296 0.258771929824561 0.543859649122807 0.605263157894737 0.649122807017544 0.00526 0.00368 0.00368 0.00237 0.00289 0.0021 0.0021 0.00184 0.00211808313476304 0.00211808313476304 0.00211808313476304 0.0026476039184538 187 121 101 91 177 115 92 80 217 151 136 136 0.56604 0.79817 0.8629 0.86822 0.65217 0.875 0.87302 0.94355 NA 0.70435 0.86923 0.90647 0.16129 0.46774 0.57527 0.60215 0.16129 0.45161 0.5914 0.62903 0 0.43548 0.60753 0.67742
"78" 0.42328 0.67196 0.75661 0.81481 0.42328 0.64021 0.73016 0.79365 0.267543859649123 0.583333333333333 0.635964912280702 0.697368421052632 0.00393 0.00498 0.0021 0.00367 0.00262 0.00236 0.00079 0.00157 0.00291236431029918 0.00105904156738152 0.0039714058776807 0.00238284352660842 168 119 99 85 167 109 93 81 224 124 140 120 0.61818 0.80583 0.78814 0.86047 0.6 0.91765 0.82456 0.84091 NA 0.69524 0.80328 0.81429 0.19653 0.47977 0.53757 0.64162 0.17341 0.45087 0.54335 0.64162 0 0.42197 0.56647 0.65896
"79" 0.35321 0.61927 0.65596 0.70183 0.36239 0.59633 0.65138 0.6789 0.286384976525822 0.60093896713615 0.694835680751174 0.769953051643192 0.00343 0.00343 0.00343 0.00264 0.00185 0.00211 0.00158 0.00132 0.00210970464135021 0.00421940928270042 0.000791139240506329 0.00105485232067511 189 129 131 108 185 130 120 111 205 131 98 90 0.67442 0.81905 0.80556 0.86066 0.75676 0.86022 0.82727 0.83607 NA 0.7037 0.84298 0.78873 0.14872 0.44103 0.44615 0.53846 0.14359 0.41026 0.46667 0.52308 0 0.38974 0.52308 0.57436
"80" 0.37387 0.60811 0.68919 0.75676 0.34685 0.5991 0.67568 0.74324 0.315270935960591 0.640394088669951 0.714285714285714 0.74384236453202 0.00238 0.00344 0.00449 0.00291 0.00211 0.00106 0.00211 0.00159 0.00236717517096265 0.00420831141504471 0.00157811678064177 0.00368227248816412 184 133 132 109 186 116 115 100 195 125 92 98 0.73214 0.87037 0.87611 0.93496 0.72549 0.94286 0.90909 0.9661 NA 0.79825 0.86525 0.94203 0.19712 0.45192 0.47596 0.55288 0.17788 0.47596 0.52885 0.54808 0 0.4375 0.58654 0.625
"81" 0.32218 0.56485 0.65272 0.69456 0.31799 0.54393 0.62762 0.66527 0.2882096069869 0.602620087336245 0.676855895196507 0.7117903930131 0.00558 0.00319 0.00319 0.00372 0.00372 0.00159 0.00106 0.00106 0.00185381355932203 0.00264830508474576 0.00317796610169492 0.00211864406779661 235 159 159 144 226 154 139 132 222 150 142 124 0.51163 0.80734 0.82857 0.84746 0.59459 0.80374 0.88991 0.88793 NA 0.77193 0.79167 0.86029 0.0991 0.3964 0.39189 0.45045 0.0991 0.38739 0.43694 0.46396 0 0.3964 0.42793 0.52703
"82" 0.3361 0.56017 0.62656 0.70124 0.32365 0.54772 0.59751 0.6888 0.248868778280543 0.520361990950226 0.592760180995475 0.642533936651584 0.00372 0.00399 0.00505 0.00399 0.00186 0.00159 0.00266 0.00266 0.00264270613107822 0.0023784355179704 0.00290697674418605 0.00290697674418605 217 166 146 144 212 154 139 126 218 146 146 147 0.69231 0.80909 0.84848 0.9 0.7234 0.86408 0.89344 0.91667 NA 0.66406 0.80576 0.9 0.15517 0.38362 0.48276 0.46552 0.14655 0.38362 0.46983 0.52155 0 0.36638 0.48276 0.5819
"83" 0.3516 0.62557 0.69406 0.7032 0.31963 0.60731 0.6621 0.6895 0.317073170731707 0.639024390243902 0.697560975609756 0.780487804878049 0.00449 0.00264 0.00291 0.00449 0.0037 0.00079 0.00158 0.00185 0.00210526315789474 0.00236842105263158 0.00236842105263158 0.00289473684210526 197 142 125 124 195 129 121 98 188 119 92 88 0.61224 0.83158 0.83929 0.86364 0.61905 0.86458 0.86916 0.95652 NA 0.66667 0.80315 0.82308 0.15306 0.40306 0.47959 0.48469 0.13265 0.42347 0.47449 0.56122 0 0.40816 0.52041 0.54592
"84" 0.26104 0.49799 0.55422 0.58635 0.26104 0.46988 0.53815 0.55823 0.32093023255814 0.641860465116279 0.711627906976744 0.758139534883721 0.00479 0.00479 0.00373 0.00346 0.00293 0.00266 0.00293 0.00213 0.00395778364116095 0.00211081794195251 0.00211081794195251 0.00184696569920844 237 195 169 165 231 185 160 162 208 127 106 97 0.55319 0.67 0.82857 0.81416 0.59524 0.71277 0.85321 0.79825 NA 0.61321 0.66667 0.74436 0.10879 0.28033 0.36402 0.38494 0.1046 0.28033 0.38912 0.38075 0 0.27197 0.41004 0.41423
"85" 0.36161 0.61161 0.70536 0.75446 0.33482 0.58036 0.69196 0.74107 0.272727272727273 0.568181818181818 0.609090909090909 0.672727272727273 0.00397 0.00264 0.00264 0.00079 0.00317 0.00238 0.00079 0.00106 0.00317040951122853 0.0023778071334214 0.00290620871862616 0.00264200792602378 197 133 121 92 193 135 105 87 223 137 136 122 0.53521 0.82051 0.86885 0.93846 0.58462 0.77049 0.8855 0.95489 NA 0.68595 0.73913 0.8543 0.18627 0.47059 0.51961 0.59804 0.18627 0.46078 0.56863 0.62255 0 0.40686 0.58333 0.63235
"86" 0.34804 0.58824 0.68627 0.76471 0.31863 0.56373 0.67647 0.7451 0.216450216450216 0.506493506493506 0.588744588744589 0.662337662337662 0.00526 0.00263 0.005 0.00342 0.00421 0.00184 0.00263 0.00158 0.00211976682564918 0.00423953365129836 0.00370959194488606 0.00397456279809221 185 129 141 116 185 127 129 103 227 170 149 143 0.58824 0.81319 0.74227 0.85714 0.61905 0.79167 0.81319 0.90291 NA 0.65789 0.75207 0.82645 0.16575 0.40884 0.39779 0.49724 0.14365 0.41989 0.40884 0.51381 0 0.41436 0.50276 0.55249
"87" 0.37615 0.62844 0.70183 0.7156 0.34862 0.57798 0.6789 0.7156 0.291304347826087 0.582608695652174 0.639130434782609 0.71304347826087 0.00396 0.0029 0.00238 0.00317 0.00238 0.00132 0.00053 0.00132 0.00158940397350993 0.00185430463576159 0.0023841059602649 0.00185430463576159 202 129 125 116 201 129 111 103 215 127 135 114 0.46667 0.88 0.88679 0.86066 0.56667 0.87234 0.92453 0.9386 NA 0.73077 0.8042 0.8806 0.13861 0.43564 0.46535 0.5198 0.08416 0.40594 0.48515 0.5297 0 0.37624 0.56931 0.58416
"88" 0.37118 0.64192 0.74236 0.78166 0.34061 0.61135 0.72052 0.75983 0.293269230769231 0.668269230769231 0.730769230769231 0.802884615384615 0.00344 0.00265 0.00238 0.00238 0.00185 0.00079 0.00159 0.00132 0.00158019489070319 0.00289702396628918 0.00368712141164077 0.00184356070582038 196 121 121 116 194 119 107 107 198 114 106 95 0.7037 0.87719 0.80916 0.83459 0.7907 0.92233 0.84444 0.85821 NA 0.8 0.87413 0.85811 0.18719 0.49261 0.52217 0.5468 0.16749 0.46798 0.56158 0.5665 0 0.4335 0.61576 0.62562
"89" 0.37441 0.61611 0.70616 0.74408 0.34123 0.6019 0.70142 0.71564 0.315789473684211 0.631578947368421 0.684210526315789 0.732057416267943 0.00395 0.0029 0.00316 0.00237 0.00211 0.00132 0.00211 0.00079 0.00342465753424658 0.00263435194942044 0.00289778714436249 0.00263435194942044 191 131 115 102 186 126 103 89 194 115 104 91 0.5614 0.91667 0.83607 0.86364 0.75758 0.88172 0.89256 0.97391 NA 0.73451 0.83704 0.92481 0.16327 0.39286 0.52041 0.58163 0.12755 0.41837 0.55102 0.57143 0 0.42347 0.57653 0.62755
"90" 0.38095 0.70952 0.7619 0.8381 0.37143 0.67619 0.74762 0.81905 0.25 0.520161290322581 0.608870967741935 0.657258064516129 0.00474 0.00422 0.00184 0.0029 0.00369 0.00105 0.00053 0.00053 0.00186318871439979 0.00239552834708544 0.00292786797977109 0.00292786797977109 180 129 91 81 182 109 74 62 248 166 151 149 0.69492 0.86 0.89394 0.96899 0.71429 0.90476 0.984 0.97163 NA 0.83929 0.92143 0.90566 0.21466 0.45026 0.6178 0.65445 0.18325 0.49738 0.64398 0.71728 0 0.49215 0.67539 0.75393
"91" 0.33945 0.63761 0.70183 0.76147 0.3211 0.61468 0.6789 0.74312 0.264840182648402 0.598173515981735 0.680365296803653 0.721461187214612 0.00502 0.0029 0.0029 0.0029 0.00449 0.00106 0.00158 0.00185 0.00237717908082409 0.00237717908082409 0.00264131008980454 0.00237717908082409 209 129 120 127 203 118 117 115 222 125 127 104 0.55102 0.83621 0.87705 0.85345 0.66667 0.90826 0.91304 0.89167 NA 0.75 0.81061 0.90226 0.12919 0.46411 0.51196 0.47368 0.14354 0.47368 0.50239 0.51196 0 0.41627 0.51196 0.57416
"92" 0.36726 0.57965 0.66372 0.69027 0.35398 0.57522 0.65044 0.67699 0.257261410788382 0.535269709543568 0.634854771784232 0.672199170124481 0.0045 0.00318 0.00344 0.00318 0.00238 0.00159 0.00238 0.00132 0.00132837407013815 0.00345377258235919 0.00159404888416578 0.00398512221041445 202 143 135 122 191 136 124 108 230 156 126 139 0.67797 0.8785 0.88596 0.9569 0.75439 0.88679 0.8871 0.93701 NA 0.76786 0.79577 0.82781 0.18182 0.42727 0.45909 0.50455 0.19545 0.42727 0.5 0.54091 0 0.39091 0.51364 0.56818
"93" 0.39091 0.63636 0.72727 0.75909 0.35909 0.61364 0.69545 0.75 0.267543859649123 0.543859649122807 0.631578947368421 0.671052631578947 0.00211 0.0037 0.00238 0.00396 0.00185 0.00238 0.00185 0.00211 0.00185332274291766 0.00238284352660842 0.00503044744506222 0.00317712470214456 187 142 111 109 181 136 107 84 221 152 155 141 0.70175 0.85294 0.90909 0.90977 0.72881 0.83178 0.88372 0.96403 NA 0.78814 0.91429 0.91772 0.19324 0.42029 0.5314 0.58454 0.20773 0.42995 0.55072 0.64734 0 0.44928 0.61836 0.70048
"94" 0.33333 0.56667 0.67619 0.70952 0.31429 0.54286 0.6619 0.68571 0.263157894736842 0.506072874493927 0.595141700404858 0.651821862348178 0.00369 0.00501 0.00343 0.00474 0.00237 0.00316 0.00237 0.0029 0.00266098988823842 0.00399148483235764 0.00319318786588611 0.00345928685470995 191 143 121 115 193 137 124 109 236 167 151 150 0.61364 0.82292 0.80833 0.91892 0.73077 0.86517 0.81081 0.88793 NA 0.64151 0.79365 0.85714 0.13846 0.40513 0.49744 0.52308 0.09744 0.39487 0.46154 0.52821 0 0.34872 0.51282 0.55385
"95" 0.32287 0.57848 0.63229 0.70852 0.30493 0.56502 0.62332 0.69955 0.275229357798165 0.651376146788991 0.711009174311927 0.770642201834862 0.00555 0.0037 0.00423 0.00344 0.00423 0.00185 0.00185 0.00132 0.00211249009770267 0.00264061262212833 0.00105624504885133 0.0007921837866385 207 158 140 123 210 146 124 107 200 126 93 102 0.55172 0.76238 0.82051 0.87903 0.55556 0.82 0.89474 0.94262 NA 0.64545 0.88618 0.89362 0.14953 0.35981 0.4486 0.50935 0.11682 0.38318 0.47664 0.53738 0 0.33178 0.50935 0.58879
"96" 0.35238 0.60476 0.68095 0.74762 0.3381 0.59524 0.66667 0.72857 0.296943231441048 0.54585152838428 0.646288209606987 0.694323144104803 0.00501 0.00474 0.00264 0.00237 0.00369 0.00316 0.00132 0.00079 0.00105932203389831 0.00503177966101695 0.00291313559322034 0.00344279661016949 190 143 127 103 186 122 110 92 215 157 138 142 0.58182 0.79 0.82243 0.90598 0.60377 0.82727 0.8972 0.90244 NA 0.77778 0.87097 0.80741 0.16495 0.40722 0.45361 0.54639 0.16495 0.46907 0.49485 0.57216 0 0.36082 0.5567 0.56186
"97" 0.37118 0.63319 0.68996 0.71616 0.32314 0.59389 0.67249 0.70306 0.243697478991597 0.542016806722689 0.617647058823529 0.668067226890756 0.0045 0.00265 0.0053 0.00238 0.00265 0.00159 0.00265 0.00132 0.00238916910007964 0.00265463233342182 0.00265463233342182 0.00345102203344837 211 133 141 121 206 136 122 110 227 152 137 129 0.54386 0.84746 0.84874 0.92437 0.53704 0.83784 0.87302 0.95041 NA 0.76984 0.81333 0.88889 0.14286 0.46083 0.46544 0.50691 0.13364 0.42857 0.50691 0.52995 0 0.447 0.56221 0.553
"98" 0.41463 0.62927 0.69756 0.76098 0.39512 0.61463 0.69268 0.74146 0.298076923076923 0.600961538461538 0.677884615384615 0.759615384615385 0.005 0.00368 0.00395 0.00368 0.00368 0.00184 0.00263 0.00105 0.00263365815117198 0.00184356070582038 0.00210692652093758 0.00237029233605478 175 129 117 103 178 118 109 87 199 114 97 102 0.65672 0.80583 0.85217 0.85606 0.77273 0.89583 0.88696 0.93496 NA 0.73684 0.84848 0.85517 0.22798 0.43005 0.50777 0.58549 0.17617 0.4456 0.5285 0.59585 0 0.43523 0.58031 0.64249
"99" 0.4067 0.64593 0.66986 0.73206 0.37321 0.61722 0.64593 0.70813 0.290909090909091 0.622727272727273 0.668181818181818 0.727272727272727 0.00553 0.00369 0.00342 0.0029 0.00342 0.00132 0.00211 0.00184 0.0023778071334214 0.0023778071334214 0.00422721268163804 0.00317040951122853 202 137 124 111 198 125 115 104 210 113 123 99 0.38095 0.76636 0.86538 0.86179 0.41176 0.85 0.86726 0.92174 NA 0.74074 0.80315 0.86614 0.12183 0.41624 0.45685 0.53807 0.1066 0.43147 0.49746 0.53807 0 0.40609 0.51777 0.55838
"100" 0.33476 0.56223 0.64378 0.6867 0.32618 0.54506 0.6309 0.67382 0.275229357798165 0.55045871559633 0.623853211009174 0.697247706422018 0.00451 0.00583 0.00477 0.00371 0.00292 0.00345 0.00318 0.00159 0.00290467388434117 0.0039609189331925 0.00422498019540533 0.00290467388434117 212 162 156 135 210 152 142 109 209 158 138 120 0.52778 0.78947 0.7623 0.82946 0.61538 0.80909 0.82353 0.92481 NA 0.65873 0.74286 0.8156 0.17195 0.40724 0.42081 0.48416 0.1448 0.40271 0.44344 0.55656 0 0.37557 0.47059 0.52036
